{
 "cells": [
  {
   "cell_type": "markdown",
   "id": "96c84bde",
   "metadata": {},
   "source": [
    "In this notebook, we try to answer the question: with an optimized discriminator, does the Rabi amplitude change with and without DRAG correction?\n",
    "\n",
    "### References\n",
    "\n",
    "[1]: Li, Z., Liu, P., Zhao, P. *et al.* Error per single-qubit gate below 10−4 in a superconducting qubit. *npj Quantum Inf* **9**, 111 (2023). [https://doi.org/10.1038/s41534-023-00781-x](https://doi.org/10.1038/s41534-023-00781-x).\n",
    "\n",
    "[2]: Z. Chen *et al.* Measuring and Suppressing Quantum State Leakage in a Superconducting Qubit. *Phys. Rev. Lett.* **116**, 020501 (2016) [https://doi.org/10.1103/PhysRevLett.116.020501](https://doi.org/10.1103/PhysRevLett.116.020501). "
   ]
  },
  {
   "cell_type": "markdown",
   "id": "2a7292bd",
   "metadata": {},
   "source": [
    "## Dependencies"
   ]
  },
  {
   "cell_type": "code",
   "execution_count": 1,
   "id": "2bca259d",
   "metadata": {},
   "outputs": [],
   "source": [
    "%config InlineBackend.figure_formats = ['svg']\n",
    "\n",
    "import os\n",
    "os.chdir('/Users/ngdnhtien/Codespace/PulsatingPulseShop/')\n",
    "\n",
    "# qiskit\n",
    "from qiskit import pulse\n",
    "from qiskit.circuit import Parameter\n",
    "from qiskit.circuit import QuantumCircuit, Gate\n",
    "from qiskit_ibm_provider import IBMProvider\n",
    "\n",
    "# qutritium\n",
    "from utility import *\n",
    "from constant import *\n",
    "\n",
    "# numerical\n",
    "import numpy as np\n",
    "from scipy.optimize import curve_fit\n",
    "import pickle \n",
    "\n",
    "# plot\n",
    "from matplotlib.ticker import MultipleLocator\n",
    "\n",
    "plt.rcParams['axes.linewidth'] = 1.25"
   ]
  },
  {
   "cell_type": "code",
   "execution_count": 2,
   "id": "dfc76acf",
   "metadata": {},
   "outputs": [
    {
     "name": "stdout",
     "output_type": "stream",
     "text": [
      "[<IBMBackend('simulator_statevector')>, <IBMBackend('simulator_stabilizer')>, <IBMBackend('ibm_brisbane')>, <IBMBackend('ibm_kyoto')>, <IBMBackend('ibm_osaka')>, <IBMBackend('ibmq_qasm_simulator')>, <IBMBackend('simulator_extended_stabilizer')>, <IBMBackend('simulator_mps')>]\n"
     ]
    }
   ],
   "source": [
    "provider = IBMProvider()\n",
    "print(provider.backends())\n",
    "\n",
    "backend = provider.get_backend('ibm_brisbane')\n",
    "\n",
    "backend_config = backend.configuration()\n",
    "backend_defaults = backend.defaults()\n",
    "backend_properties = backend.properties()\n",
    "dt = backend_config.dt\n",
    "\n",
    "qubit = 109\n",
    "cbit = 0\n",
    "num_qubits = int(qubit+1)\n",
    "num_cbits = 1\n",
    "weight = 1\n",
    "\n",
    "qubit_01_freq = backend_defaults.qubit_freq_est[qubit]\n",
    "qubit_anharmonicty = backend_properties.qubits[qubit][3].value*GHz\n",
    "qubit_12_freq = qubit_01_freq + qubit_anharmonicty"
   ]
  },
  {
   "cell_type": "code",
   "execution_count": 3,
   "id": "a84d46d2",
   "metadata": {},
   "outputs": [],
   "source": [
    "p12_amp = 0.2234824425369455 # 6th Dec 2023\n",
    "\n",
    "with pulse.build(backend=backend) as hp12_sched:\n",
    "    drive_chan = pulse.drive_channel(qubit)\n",
    "    pulse.set_frequency(qubit_12_freq, drive_chan)\n",
    "    pulse.play(pulse.Drag(duration=96, amp=p12_amp/2, sigma=24, beta=-0.5, name='hp12'), drive_chan)\n",
    "    \n",
    "hp12_gate = Gate(r'X_{\\pi/2}^{(12)}', weight, [])\n",
    "    \n",
    "with pulse.build(backend=backend) as p12_sched:\n",
    "    drive_chan = qiskit.pulse.drive_channel(qubit)\n",
    "    pulse.set_frequency(qubit_12_freq, drive_chan)\n",
    "    pulse.play(pulse.Drag(duration=96, amp=p12_amp, sigma=24, beta=-0.5, name='p12'), drive_chan)\n",
    "\n",
    "p12_gate = Gate(r'X_{\\pi}^{(12)}', weight, [])"
   ]
  },
  {
   "cell_type": "code",
   "execution_count": 4,
   "id": "3aa4e912",
   "metadata": {},
   "outputs": [],
   "source": [
    "with pulse.build(backend=backend) as delay_sched:\n",
    "    drive_chan = pulse.drive_channel(qubit)\n",
    "    pulse.delay(10000, drive_chan)\n",
    "    \n",
    "delay_gate = Gate('Delay for 5us', weight, [])"
   ]
  },
  {
   "cell_type": "markdown",
   "id": "52011c79",
   "metadata": {},
   "source": [
    "### Discriminator circs"
   ]
  },
  {
   "cell_type": "code",
   "execution_count": 5,
   "id": "be37c09b",
   "metadata": {},
   "outputs": [],
   "source": [
    "ground_circ = QuantumCircuit(num_qubits, num_cbits)\n",
    "ground_circ.append(delay_gate, [qubit])\n",
    "ground_circ.measure(qubit, cbit)\n",
    "ground_circ.add_calibration(delay_gate, [qubit], delay_sched)\n",
    "\n",
    "first_excited_state_circ = QuantumCircuit(num_qubits, num_cbits)\n",
    "first_excited_state_circ.append(delay_gate, [qubit])\n",
    "first_excited_state_circ.x(qubit)\n",
    "first_excited_state_circ.measure(qubit, cbit)\n",
    "first_excited_state_circ.add_calibration(delay_gate, [qubit], delay_sched)\n",
    "\n",
    "\n",
    "second_excited_state_circ = QuantumCircuit(num_qubits, num_cbits)\n",
    "second_excited_state_circ.append(delay_gate, [qubit])\n",
    "second_excited_state_circ.x(qubit)\n",
    "second_excited_state_circ.append(p12_gate, [qubit])\n",
    "second_excited_state_circ.add_calibration(delay_gate, [qubit], delay_sched)\n",
    "second_excited_state_circ.add_calibration(p12_gate, [qubit], p12_sched)\n",
    "\n",
    "discrim_circs = qiskit.transpile([ground_circ, first_excited_state_circ, second_excited_state_circ], backend=backend)"
   ]
  },
  {
   "cell_type": "markdown",
   "id": "625eee34",
   "metadata": {},
   "source": [
    "## Amplitude w/o DRAG"
   ]
  },
  {
   "cell_type": "code",
   "execution_count": 6,
   "id": "88a60650",
   "metadata": {},
   "outputs": [],
   "source": [
    "amps = np.linspace(-1, 1, 100)\n",
    "\n",
    "rabi_circs_wDRAG = []\n",
    "\n",
    "rabi12_gate = Gate(r'Rabi Gate', weight, [])\n",
    "\n",
    "for amp in amps:\n",
    "    \n",
    "    with pulse.build(backend=backend) as rabi12_sched:\n",
    "        drive_chan = pulse.drive_channel(qubit)\n",
    "        pulse.set_frequency(qubit_12_freq, drive_chan)\n",
    "        pulse.play(pulse.Drag(duration=96, amp=amp, sigma=24, beta=-0.5), drive_chan)\n",
    "\n",
    "    rabi12_circ = QuantumCircuit(num_qubits, num_cbits)\n",
    "    rabi12_circ.append(delay_gate, [qubit])\n",
    "    rabi12_circ.x(qubit)\n",
    "    rabi12_circ.append(rabi12_gate, [qubit])\n",
    "    rabi12_circ.measure(qubit, cbit)\n",
    "    rabi12_circ.add_calibration(delay_gate, [qubit], delay_sched)\n",
    "    rabi12_circ.add_calibration(rabi12_gate, [qubit], rabi12_sched)\n",
    "                   \n",
    "    rabi_circs_wDRAG.append(rabi12_circ)\n",
    "    \n",
    "rabi_circs_wDRAG = qiskit.transpile(rabi_circs_wDRAG, backend=backend)"
   ]
  },
  {
   "cell_type": "code",
   "execution_count": 7,
   "id": "4730de2d",
   "metadata": {},
   "outputs": [],
   "source": [
    "package = discrim_circs + rabi_circs_wDRAG"
   ]
  },
  {
   "cell_type": "code",
   "execution_count": 30,
   "id": "8808563b",
   "metadata": {},
   "outputs": [],
   "source": [
    "ampvdrag_job = backend.run(package, meas_level=1, meas_return='single', shots=2048)"
   ]
  },
  {
   "cell_type": "code",
   "execution_count": 8,
   "id": "9d5e2ff4",
   "metadata": {},
   "outputs": [],
   "source": [
    "ampvdrag_job = provider.backend.retrieve_job('cnt51mevn4c0008a37n0')"
   ]
  },
  {
   "cell_type": "code",
   "execution_count": 9,
   "id": "a0ca04c2",
   "metadata": {},
   "outputs": [],
   "source": [
    "ampvdrag_data = DataAnalysis(experiment=ampvdrag_job, average=False, shots=2048, qubit=0)\n",
    "ampvdrag_data.retrieve_data(average=False)\n",
    "ampvdrag_data.build_discrim()\n",
    "ampvdrag_data.count_pop()\n",
    "ampvdrag_data.error_mitiq()"
   ]
  },
  {
   "cell_type": "code",
   "execution_count": 10,
   "id": "ff1bfdf0",
   "metadata": {},
   "outputs": [
    {
     "data": {
      "text/plain": [
       "0.9710286458333334"
      ]
     },
     "execution_count": 10,
     "metadata": {},
     "output_type": "execute_result"
    }
   ],
   "source": [
    "ampvdrag_data.score_012"
   ]
  },
  {
   "cell_type": "code",
   "execution_count": 21,
   "id": "4a2002ca",
   "metadata": {},
   "outputs": [
    {
     "data": {
      "text/plain": [
       "[[0.943359375, 0.0283203125, 0.0283203125],\n",
       " [0.01806640625, 0.96826171875, 0.013671875],\n",
       " [0.0, 0.0, 1.0],\n",
       " [0.0087890625, 0.01025390625, 0.98095703125],\n",
       " [0.0283203125, 0.814453125, 0.1572265625],\n",
       " [0.02685546875, 0.89697265625, 0.076171875],\n",
       " [0.0263671875, 0.900390625, 0.0732421875],\n",
       " [0.02294921875, 0.931640625, 0.04541015625],\n",
       " [0.015625, 0.9404296875, 0.0439453125],\n",
       " [0.01806640625, 0.93359375, 0.04833984375],\n",
       " [0.0205078125, 0.9296875, 0.0498046875],\n",
       " [0.0205078125, 0.892578125, 0.0869140625],\n",
       " [0.01708984375, 0.84814453125, 0.134765625],\n",
       " [0.01953125, 0.791015625, 0.189453125],\n",
       " [0.0166015625, 0.73046875, 0.2529296875],\n",
       " [0.0234375, 0.65283203125, 0.32373046875],\n",
       " [0.02734375, 0.61376953125, 0.35888671875],\n",
       " [0.0263671875, 0.55859375, 0.4150390625],\n",
       " [0.0234375, 0.50341796875, 0.47314453125],\n",
       " [0.02783203125, 0.47216796875, 0.5],\n",
       " [0.01953125, 0.45166015625, 0.52880859375],\n",
       " [0.02197265625, 0.44921875, 0.52880859375],\n",
       " [0.02685546875, 0.4775390625, 0.49560546875],\n",
       " [0.017578125, 0.47705078125, 0.50537109375],\n",
       " [0.01953125, 0.5244140625, 0.4560546875],\n",
       " [0.02587890625, 0.5380859375, 0.43603515625],\n",
       " [0.0263671875, 0.572265625, 0.4013671875],\n",
       " [0.02392578125, 0.626953125, 0.34912109375],\n",
       " [0.02490234375, 0.6826171875, 0.29248046875],\n",
       " [0.01708984375, 0.77685546875, 0.2060546875],\n",
       " [0.0185546875, 0.8466796875, 0.134765625],\n",
       " [0.02197265625, 0.89208984375, 0.0859375],\n",
       " [0.025390625, 0.93310546875, 0.04150390625],\n",
       " [0.01953125, 0.94287109375, 0.03759765625],\n",
       " [0.02099609375, 0.92236328125, 0.056640625],\n",
       " [0.021484375, 0.876953125, 0.1015625],\n",
       " [0.0224609375, 0.79052734375, 0.18701171875],\n",
       " [0.0185546875, 0.71630859375, 0.26513671875],\n",
       " [0.02294921875, 0.61376953125, 0.36328125],\n",
       " [0.02978515625, 0.56103515625, 0.4091796875],\n",
       " [0.01806640625, 0.529296875, 0.45263671875],\n",
       " [0.02783203125, 0.486328125, 0.48583984375],\n",
       " [0.02587890625, 0.45556640625, 0.5185546875],\n",
       " [0.02734375, 0.44287109375, 0.52978515625],\n",
       " [0.0322265625, 0.43701171875, 0.53076171875],\n",
       " [0.021484375, 0.48193359375, 0.49658203125],\n",
       " [0.0205078125, 0.50341796875, 0.47607421875],\n",
       " [0.0224609375, 0.58935546875, 0.38818359375],\n",
       " [0.0283203125, 0.630859375, 0.3408203125],\n",
       " [0.02001953125, 0.6962890625, 0.28369140625],\n",
       " [0.02294921875, 0.77587890625, 0.201171875],\n",
       " [0.01708984375, 0.84619140625, 0.13671875],\n",
       " [0.02587890625, 0.89453125, 0.07958984375],\n",
       " [0.0146484375, 0.94677734375, 0.03857421875],\n",
       " [0.02734375, 0.93115234375, 0.04150390625],\n",
       " [0.0244140625, 0.91943359375, 0.05615234375],\n",
       " [0.01806640625, 0.873046875, 0.10888671875],\n",
       " [0.02490234375, 0.78515625, 0.18994140625],\n",
       " [0.01953125, 0.71533203125, 0.26513671875],\n",
       " [0.02392578125, 0.63232421875, 0.34375],\n",
       " [0.02197265625, 0.5732421875, 0.40478515625],\n",
       " [0.02685546875, 0.51806640625, 0.455078125],\n",
       " [0.0244140625, 0.45068359375, 0.52490234375],\n",
       " [0.02392578125, 0.466796875, 0.50927734375],\n",
       " [0.025390625, 0.4365234375, 0.5380859375],\n",
       " [0.03515625, 0.46533203125, 0.49951171875],\n",
       " [0.02685546875, 0.470703125, 0.50244140625],\n",
       " [0.02294921875, 0.53369140625, 0.443359375],\n",
       " [0.02294921875, 0.5888671875, 0.38818359375],\n",
       " [0.029296875, 0.6513671875, 0.3193359375],\n",
       " [0.0224609375, 0.71484375, 0.2626953125],\n",
       " [0.0263671875, 0.7841796875, 0.189453125],\n",
       " [0.02294921875, 0.84619140625, 0.130859375],\n",
       " [0.02294921875, 0.90185546875, 0.0751953125],\n",
       " [0.0263671875, 0.93359375, 0.0400390625],\n",
       " [0.01611328125, 0.94677734375, 0.037109375],\n",
       " [0.02197265625, 0.9111328125, 0.06689453125],\n",
       " [0.017578125, 0.85546875, 0.126953125],\n",
       " [0.02490234375, 0.78466796875, 0.1904296875],\n",
       " [0.02099609375, 0.72607421875, 0.2529296875],\n",
       " [0.0224609375, 0.65185546875, 0.32568359375],\n",
       " [0.02099609375, 0.55615234375, 0.4228515625],\n",
       " [0.025390625, 0.52880859375, 0.44580078125],\n",
       " [0.0244140625, 0.49462890625, 0.48095703125],\n",
       " [0.0224609375, 0.46728515625, 0.51025390625],\n",
       " [0.02734375, 0.453125, 0.51953125],\n",
       " [0.0205078125, 0.47412109375, 0.50537109375],\n",
       " [0.02490234375, 0.48974609375, 0.4853515625],\n",
       " [0.029296875, 0.48828125, 0.482421875],\n",
       " [0.021484375, 0.52490234375, 0.45361328125],\n",
       " [0.0234375, 0.55322265625, 0.42333984375],\n",
       " [0.021484375, 0.6083984375, 0.3701171875],\n",
       " [0.0234375, 0.65478515625, 0.32177734375],\n",
       " [0.021484375, 0.72216796875, 0.25634765625],\n",
       " [0.02783203125, 0.7646484375, 0.20751953125],\n",
       " [0.0234375, 0.8388671875, 0.1376953125],\n",
       " [0.0185546875, 0.88232421875, 0.09912109375],\n",
       " [0.01953125, 0.9169921875, 0.0634765625],\n",
       " [0.02001953125, 0.93408203125, 0.0458984375],\n",
       " [0.0224609375, 0.947265625, 0.0302734375],\n",
       " [0.0244140625, 0.9228515625, 0.052734375],\n",
       " [0.02001953125, 0.92529296875, 0.0546875],\n",
       " [0.02197265625, 0.9248046875, 0.05322265625]]"
      ]
     },
     "execution_count": 21,
     "metadata": {},
     "output_type": "execute_result"
    }
   ],
   "source": [
    "ampvdrag_data.raw_counted"
   ]
  },
  {
   "cell_type": "code",
   "execution_count": 12,
   "id": "d979d056",
   "metadata": {},
   "outputs": [],
   "source": [
    "state0_withDRAG = ampvdrag_data.mitiq_data[int(3):int(3+100), 0]\n",
    "state1_withDRAG = ampvdrag_data.mitiq_data[int(3):int(3+100), 1]\n",
    "state2_withDRAG = ampvdrag_data.mitiq_data[int(3):int(3+100), 2]"
   ]
  },
  {
   "cell_type": "code",
   "execution_count": 19,
   "id": "927be3b6",
   "metadata": {},
   "outputs": [
    {
     "data": {
      "text/plain": [
       "<matplotlib.collections.PathCollection at 0x174fcd880>"
      ]
     },
     "execution_count": 19,
     "metadata": {},
     "output_type": "execute_result"
    },
    {
     "data": {
      "image/svg+xml": [
       "<?xml version=\"1.0\" encoding=\"utf-8\" standalone=\"no\"?>\n",
       "<!DOCTYPE svg PUBLIC \"-//W3C//DTD SVG 1.1//EN\"\n",
       "  \"http://www.w3.org/Graphics/SVG/1.1/DTD/svg11.dtd\">\n",
       "<svg xmlns:xlink=\"http://www.w3.org/1999/xlink\" width=\"394.423125pt\" height=\"297.190125pt\" viewBox=\"0 0 394.423125 297.190125\" xmlns=\"http://www.w3.org/2000/svg\" version=\"1.1\">\n",
       " <metadata>\n",
       "  <rdf:RDF xmlns:dc=\"http://purl.org/dc/elements/1.1/\" xmlns:cc=\"http://creativecommons.org/ns#\" xmlns:rdf=\"http://www.w3.org/1999/02/22-rdf-syntax-ns#\">\n",
       "   <cc:Work>\n",
       "    <dc:type rdf:resource=\"http://purl.org/dc/dcmitype/StillImage\"/>\n",
       "    <dc:date>2023-12-10T12:05:48.381758</dc:date>\n",
       "    <dc:format>image/svg+xml</dc:format>\n",
       "    <dc:creator>\n",
       "     <cc:Agent>\n",
       "      <dc:title>Matplotlib v3.7.1, https://matplotlib.org/</dc:title>\n",
       "     </cc:Agent>\n",
       "    </dc:creator>\n",
       "   </cc:Work>\n",
       "  </rdf:RDF>\n",
       " </metadata>\n",
       " <defs>\n",
       "  <style type=\"text/css\">*{stroke-linejoin: round; stroke-linecap: butt}</style>\n",
       " </defs>\n",
       " <g id=\"figure_1\">\n",
       "  <g id=\"patch_1\">\n",
       "   <path d=\"M 0 297.190125 \n",
       "L 394.423125 297.190125 \n",
       "L 394.423125 0 \n",
       "L 0 0 \n",
       "z\n",
       "\" style=\"fill: #ffffff\"/>\n",
       "  </g>\n",
       "  <g id=\"axes_1\">\n",
       "   <g id=\"patch_2\">\n",
       "    <path d=\"M 30.103125 273.312 \n",
       "L 387.223125 273.312 \n",
       "L 387.223125 7.2 \n",
       "L 30.103125 7.2 \n",
       "z\n",
       "\" style=\"fill: #ffffff\"/>\n",
       "   </g>\n",
       "   <g id=\"PathCollection_1\">\n",
       "    <defs>\n",
       "     <path id=\"mec433bd55a\" d=\"M 0 3 \n",
       "C 0.795609 3 1.55874 2.683901 2.12132 2.12132 \n",
       "C 2.683901 1.55874 3 0.795609 3 0 \n",
       "C 3 -0.795609 2.683901 -1.55874 2.12132 -2.12132 \n",
       "C 1.55874 -2.683901 0.795609 -3 0 -3 \n",
       "C -0.795609 -3 -1.55874 -2.683901 -2.12132 -2.12132 \n",
       "C -2.683901 -1.55874 -3 -0.795609 -3 0 \n",
       "C -3 0.795609 -2.683901 1.55874 -2.12132 2.12132 \n",
       "C -1.55874 2.683901 -0.795609 3 0 3 \n",
       "z\n",
       "\" style=\"stroke: #ff0000\"/>\n",
       "    </defs>\n",
       "    <g clip-path=\"url(#p321c5c362d)\">\n",
       "     <use xlink:href=\"#mec433bd55a\" x=\"46.335852\" y=\"261.216\" style=\"fill: #ff0000; stroke: #ff0000\"/>\n",
       "     <use xlink:href=\"#mec433bd55a\" x=\"49.615191\" y=\"54.158111\" style=\"fill: #ff0000; stroke: #ff0000\"/>\n",
       "     <use xlink:href=\"#mec433bd55a\" x=\"52.89453\" y=\"32.894557\" style=\"fill: #ff0000; stroke: #ff0000\"/>\n",
       "     <use xlink:href=\"#mec433bd55a\" x=\"56.173869\" y=\"32.014217\" style=\"fill: #ff0000; stroke: #ff0000\"/>\n",
       "     <use xlink:href=\"#mec433bd55a\" x=\"59.453208\" y=\"23.925292\" style=\"fill: #ff0000; stroke: #ff0000\"/>\n",
       "     <use xlink:href=\"#mec433bd55a\" x=\"62.732546\" y=\"21.870919\" style=\"fill: #ff0000; stroke: #ff0000\"/>\n",
       "     <use xlink:href=\"#mec433bd55a\" x=\"66.011885\" y=\"23.356358\" style=\"fill: #ff0000; stroke: #ff0000\"/>\n",
       "     <use xlink:href=\"#mec433bd55a\" x=\"69.291224\" y=\"24.376394\" style=\"fill: #ff0000; stroke: #ff0000\"/>\n",
       "     <use xlink:href=\"#mec433bd55a\" x=\"72.570563\" y=\"33.97084\" style=\"fill: #ff0000; stroke: #ff0000\"/>\n",
       "     <use xlink:href=\"#mec433bd55a\" x=\"75.849902\" y=\"45.291635\" style=\"fill: #ff0000; stroke: #ff0000\"/>\n",
       "     <use xlink:href=\"#mec433bd55a\" x=\"79.129241\" y=\"60.131365\" style=\"fill: #ff0000; stroke: #ff0000\"/>\n",
       "     <use xlink:href=\"#mec433bd55a\" x=\"82.40858\" y=\"75.709097\" style=\"fill: #ff0000; stroke: #ff0000\"/>\n",
       "     <use xlink:href=\"#mec433bd55a\" x=\"85.687918\" y=\"95.741859\" style=\"fill: #ff0000; stroke: #ff0000\"/>\n",
       "     <use xlink:href=\"#mec433bd55a\" x=\"88.967257\" y=\"105.869999\" style=\"fill: #ff0000; stroke: #ff0000\"/>\n",
       "     <use xlink:href=\"#mec433bd55a\" x=\"92.246596\" y=\"120.085758\" style=\"fill: #ff0000; stroke: #ff0000\"/>\n",
       "     <use xlink:href=\"#mec433bd55a\" x=\"95.525935\" y=\"134.261901\" style=\"fill: #ff0000; stroke: #ff0000\"/>\n",
       "     <use xlink:href=\"#mec433bd55a\" x=\"98.805274\" y=\"142.347057\" style=\"fill: #ff0000; stroke: #ff0000\"/>\n",
       "     <use xlink:href=\"#mec433bd55a\" x=\"102.084613\" y=\"147.545762\" style=\"fill: #ff0000; stroke: #ff0000\"/>\n",
       "     <use xlink:href=\"#mec433bd55a\" x=\"105.363951\" y=\"148.271212\" style=\"fill: #ff0000; stroke: #ff0000\"/>\n",
       "     <use xlink:href=\"#mec433bd55a\" x=\"108.64329\" y=\"140.947923\" style=\"fill: #ff0000; stroke: #ff0000\"/>\n",
       "     <use xlink:href=\"#mec433bd55a\" x=\"111.922629\" y=\"141.009575\" style=\"fill: #ff0000; stroke: #ff0000\"/>\n",
       "     <use xlink:href=\"#mec433bd55a\" x=\"115.201968\" y=\"128.774344\" style=\"fill: #ff0000; stroke: #ff0000\"/>\n",
       "     <use xlink:href=\"#mec433bd55a\" x=\"118.481307\" y=\"125.325186\" style=\"fill: #ff0000; stroke: #ff0000\"/>\n",
       "     <use xlink:href=\"#mec433bd55a\" x=\"121.760646\" y=\"116.569596\" style=\"fill: #ff0000; stroke: #ff0000\"/>\n",
       "     <use xlink:href=\"#mec433bd55a\" x=\"125.039985\" y=\"102.439206\" style=\"fill: #ff0000; stroke: #ff0000\"/>\n",
       "     <use xlink:href=\"#mec433bd55a\" x=\"128.319323\" y=\"88.10203\" style=\"fill: #ff0000; stroke: #ff0000\"/>\n",
       "     <use xlink:href=\"#mec433bd55a\" x=\"131.598662\" y=\"63.761344\" style=\"fill: #ff0000; stroke: #ff0000\"/>\n",
       "     <use xlink:href=\"#mec433bd55a\" x=\"134.878001\" y=\"45.694362\" style=\"fill: #ff0000; stroke: #ff0000\"/>\n",
       "     <use xlink:href=\"#mec433bd55a\" x=\"138.15734\" y=\"34.009686\" style=\"fill: #ff0000; stroke: #ff0000\"/>\n",
       "     <use xlink:href=\"#mec433bd55a\" x=\"141.436679\" y=\"23.451304\" style=\"fill: #ff0000; stroke: #ff0000\"/>\n",
       "     <use xlink:href=\"#mec433bd55a\" x=\"144.716018\" y=\"20.918627\" style=\"fill: #ff0000; stroke: #ff0000\"/>\n",
       "     <use xlink:href=\"#mec433bd55a\" x=\"147.995356\" y=\"26.302103\" style=\"fill: #ff0000; stroke: #ff0000\"/>\n",
       "     <use xlink:href=\"#mec433bd55a\" x=\"151.274695\" y=\"38.010644\" style=\"fill: #ff0000; stroke: #ff0000\"/>\n",
       "     <use xlink:href=\"#mec433bd55a\" x=\"154.554034\" y=\"60.235251\" style=\"fill: #ff0000; stroke: #ff0000\"/>\n",
       "     <use xlink:href=\"#mec433bd55a\" x=\"157.833373\" y=\"79.372246\" style=\"fill: #ff0000; stroke: #ff0000\"/>\n",
       "     <use xlink:href=\"#mec433bd55a\" x=\"161.112712\" y=\"105.827806\" style=\"fill: #ff0000; stroke: #ff0000\"/>\n",
       "     <use xlink:href=\"#mec433bd55a\" x=\"164.392051\" y=\"119.500029\" style=\"fill: #ff0000; stroke: #ff0000\"/>\n",
       "     <use xlink:href=\"#mec433bd55a\" x=\"167.671389\" y=\"127.643072\" style=\"fill: #ff0000; stroke: #ff0000\"/>\n",
       "     <use xlink:href=\"#mec433bd55a\" x=\"170.950728\" y=\"138.691096\" style=\"fill: #ff0000; stroke: #ff0000\"/>\n",
       "     <use xlink:href=\"#mec433bd55a\" x=\"174.230067\" y=\"146.495467\" style=\"fill: #ff0000; stroke: #ff0000\"/>\n",
       "     <use xlink:href=\"#mec433bd55a\" x=\"177.509406\" y=\"149.839498\" style=\"fill: #ff0000; stroke: #ff0000\"/>\n",
       "     <use xlink:href=\"#mec433bd55a\" x=\"180.788745\" y=\"151.36849\" style=\"fill: #ff0000; stroke: #ff0000\"/>\n",
       "     <use xlink:href=\"#mec433bd55a\" x=\"184.068084\" y=\"139.682764\" style=\"fill: #ff0000; stroke: #ff0000\"/>\n",
       "     <use xlink:href=\"#mec433bd55a\" x=\"187.347423\" y=\"134.192681\" style=\"fill: #ff0000; stroke: #ff0000\"/>\n",
       "     <use xlink:href=\"#mec433bd55a\" x=\"190.626761\" y=\"112.145998\" style=\"fill: #ff0000; stroke: #ff0000\"/>\n",
       "     <use xlink:href=\"#mec433bd55a\" x=\"193.9061\" y=\"101.477824\" style=\"fill: #ff0000; stroke: #ff0000\"/>\n",
       "     <use xlink:href=\"#mec433bd55a\" x=\"197.185439\" y=\"84.542104\" style=\"fill: #ff0000; stroke: #ff0000\"/>\n",
       "     <use xlink:href=\"#mec433bd55a\" x=\"200.464778\" y=\"64.057642\" style=\"fill: #ff0000; stroke: #ff0000\"/>\n",
       "     <use xlink:href=\"#mec433bd55a\" x=\"203.744117\" y=\"45.811023\" style=\"fill: #ff0000; stroke: #ff0000\"/>\n",
       "     <use xlink:href=\"#mec433bd55a\" x=\"207.023456\" y=\"33.398143\" style=\"fill: #ff0000; stroke: #ff0000\"/>\n",
       "     <use xlink:href=\"#mec433bd55a\" x=\"210.302794\" y=\"20.379863\" style=\"fill: #ff0000; stroke: #ff0000\"/>\n",
       "     <use xlink:href=\"#mec433bd55a\" x=\"213.582133\" y=\"24.085017\" style=\"fill: #ff0000; stroke: #ff0000\"/>\n",
       "     <use xlink:href=\"#mec433bd55a\" x=\"216.861472\" y=\"27.081653\" style=\"fill: #ff0000; stroke: #ff0000\"/>\n",
       "     <use xlink:href=\"#mec433bd55a\" x=\"220.140811\" y=\"38.905246\" style=\"fill: #ff0000; stroke: #ff0000\"/>\n",
       "     <use xlink:href=\"#mec433bd55a\" x=\"223.42015\" y=\"61.702346\" style=\"fill: #ff0000; stroke: #ff0000\"/>\n",
       "     <use xlink:href=\"#mec433bd55a\" x=\"226.699489\" y=\"79.633723\" style=\"fill: #ff0000; stroke: #ff0000\"/>\n",
       "     <use xlink:href=\"#mec433bd55a\" x=\"229.978827\" y=\"101.052735\" style=\"fill: #ff0000; stroke: #ff0000\"/>\n",
       "     <use xlink:href=\"#mec433bd55a\" x=\"233.258166\" y=\"116.264337\" style=\"fill: #ff0000; stroke: #ff0000\"/>\n",
       "     <use xlink:href=\"#mec433bd55a\" x=\"236.537505\" y=\"130.514204\" style=\"fill: #ff0000; stroke: #ff0000\"/>\n",
       "     <use xlink:href=\"#mec433bd55a\" x=\"239.816844\" y=\"147.847953\" style=\"fill: #ff0000; stroke: #ff0000\"/>\n",
       "     <use xlink:href=\"#mec433bd55a\" x=\"243.096183\" y=\"143.698752\" style=\"fill: #ff0000; stroke: #ff0000\"/>\n",
       "     <use xlink:href=\"#mec433bd55a\" x=\"246.375522\" y=\"151.512551\" style=\"fill: #ff0000; stroke: #ff0000\"/>\n",
       "     <use xlink:href=\"#mec433bd55a\" x=\"249.654861\" y=\"144.129288\" style=\"fill: #ff0000; stroke: #ff0000\"/>\n",
       "     <use xlink:href=\"#mec433bd55a\" x=\"252.934199\" y=\"142.720043\" style=\"fill: #ff0000; stroke: #ff0000\"/>\n",
       "     <use xlink:href=\"#mec433bd55a\" x=\"256.213538\" y=\"126.446755\" style=\"fill: #ff0000; stroke: #ff0000\"/>\n",
       "     <use xlink:href=\"#mec433bd55a\" x=\"259.492877\" y=\"112.242016\" style=\"fill: #ff0000; stroke: #ff0000\"/>\n",
       "     <use xlink:href=\"#mec433bd55a\" x=\"262.772216\" y=\"96.194272\" style=\"fill: #ff0000; stroke: #ff0000\"/>\n",
       "     <use xlink:href=\"#mec433bd55a\" x=\"266.051555\" y=\"79.794666\" style=\"fill: #ff0000; stroke: #ff0000\"/>\n",
       "     <use xlink:href=\"#mec433bd55a\" x=\"269.330894\" y=\"61.937934\" style=\"fill: #ff0000; stroke: #ff0000\"/>\n",
       "     <use xlink:href=\"#mec433bd55a\" x=\"272.610232\" y=\"45.941606\" style=\"fill: #ff0000; stroke: #ff0000\"/>\n",
       "     <use xlink:href=\"#mec433bd55a\" x=\"275.889571\" y=\"31.609631\" style=\"fill: #ff0000; stroke: #ff0000\"/>\n",
       "     <use xlink:href=\"#mec433bd55a\" x=\"279.16891\" y=\"23.396382\" style=\"fill: #ff0000; stroke: #ff0000\"/>\n",
       "     <use xlink:href=\"#mec433bd55a\" x=\"282.448249\" y=\"20.187869\" style=\"fill: #ff0000; stroke: #ff0000\"/>\n",
       "     <use xlink:href=\"#mec433bd55a\" x=\"285.727588\" y=\"29.211366\" style=\"fill: #ff0000; stroke: #ff0000\"/>\n",
       "     <use xlink:href=\"#mec433bd55a\" x=\"289.006927\" y=\"43.567782\" style=\"fill: #ff0000; stroke: #ff0000\"/>\n",
       "     <use xlink:href=\"#mec433bd55a\" x=\"292.286265\" y=\"61.80849\" style=\"fill: #ff0000; stroke: #ff0000\"/>\n",
       "     <use xlink:href=\"#mec433bd55a\" x=\"295.565604\" y=\"76.877287\" style=\"fill: #ff0000; stroke: #ff0000\"/>\n",
       "     <use xlink:href=\"#mec433bd55a\" x=\"298.844943\" y=\"96.006925\" style=\"fill: #ff0000; stroke: #ff0000\"/>\n",
       "     <use xlink:href=\"#mec433bd55a\" x=\"302.124282\" y=\"120.661442\" style=\"fill: #ff0000; stroke: #ff0000\"/>\n",
       "     <use xlink:href=\"#mec433bd55a\" x=\"305.403621\" y=\"127.705658\" style=\"fill: #ff0000; stroke: #ff0000\"/>\n",
       "     <use xlink:href=\"#mec433bd55a\" x=\"308.68296\" y=\"136.583666\" style=\"fill: #ff0000; stroke: #ff0000\"/>\n",
       "     <use xlink:href=\"#mec433bd55a\" x=\"311.962299\" y=\"143.564072\" style=\"fill: #ff0000; stroke: #ff0000\"/>\n",
       "     <use xlink:href=\"#mec433bd55a\" x=\"315.241637\" y=\"147.130523\" style=\"fill: #ff0000; stroke: #ff0000\"/>\n",
       "     <use xlink:href=\"#mec433bd55a\" x=\"318.520976\" y=\"141.849427\" style=\"fill: #ff0000; stroke: #ff0000\"/>\n",
       "     <use xlink:href=\"#mec433bd55a\" x=\"321.800315\" y=\"137.799753\" style=\"fill: #ff0000; stroke: #ff0000\"/>\n",
       "     <use xlink:href=\"#mec433bd55a\" x=\"325.079654\" y=\"138.202982\" style=\"fill: #ff0000; stroke: #ff0000\"/>\n",
       "     <use xlink:href=\"#mec433bd55a\" x=\"328.358993\" y=\"128.651264\" style=\"fill: #ff0000; stroke: #ff0000\"/>\n",
       "     <use xlink:href=\"#mec433bd55a\" x=\"331.638332\" y=\"121.455788\" style=\"fill: #ff0000; stroke: #ff0000\"/>\n",
       "     <use xlink:href=\"#mec433bd55a\" x=\"334.91767\" y=\"107.075915\" style=\"fill: #ff0000; stroke: #ff0000\"/>\n",
       "     <use xlink:href=\"#mec433bd55a\" x=\"338.197009\" y=\"95.255393\" style=\"fill: #ff0000; stroke: #ff0000\"/>\n",
       "     <use xlink:href=\"#mec433bd55a\" x=\"341.476348\" y=\"77.886782\" style=\"fill: #ff0000; stroke: #ff0000\"/>\n",
       "     <use xlink:href=\"#mec433bd55a\" x=\"344.755687\" y=\"67.001766\" style=\"fill: #ff0000; stroke: #ff0000\"/>\n",
       "     <use xlink:href=\"#mec433bd55a\" x=\"348.035026\" y=\"47.845749\" style=\"fill: #ff0000; stroke: #ff0000\"/>\n",
       "     <use xlink:href=\"#mec433bd55a\" x=\"351.314365\" y=\"36.511502\" style=\"fill: #ff0000; stroke: #ff0000\"/>\n",
       "     <use xlink:href=\"#mec433bd55a\" x=\"354.593704\" y=\"27.724939\" style=\"fill: #ff0000; stroke: #ff0000\"/>\n",
       "     <use xlink:href=\"#mec433bd55a\" x=\"357.873042\" y=\"23.273594\" style=\"fill: #ff0000; stroke: #ff0000\"/>\n",
       "     <use xlink:href=\"#mec433bd55a\" x=\"361.152381\" y=\"19.846375\" style=\"fill: #ff0000; stroke: #ff0000\"/>\n",
       "     <use xlink:href=\"#mec433bd55a\" x=\"364.43172\" y=\"26.202698\" style=\"fill: #ff0000; stroke: #ff0000\"/>\n",
       "     <use xlink:href=\"#mec433bd55a\" x=\"367.711059\" y=\"25.494406\" style=\"fill: #ff0000; stroke: #ff0000\"/>\n",
       "     <use xlink:href=\"#mec433bd55a\" x=\"370.990398\" y=\"25.574392\" style=\"fill: #ff0000; stroke: #ff0000\"/>\n",
       "    </g>\n",
       "   </g>\n",
       "   <g id=\"PathCollection_2\">\n",
       "    <defs>\n",
       "     <path id=\"maeb380dea6\" d=\"M 0 3 \n",
       "C 0.795609 3 1.55874 2.683901 2.12132 2.12132 \n",
       "C 2.683901 1.55874 3 0.795609 3 0 \n",
       "C 3 -0.795609 2.683901 -1.55874 2.12132 -2.12132 \n",
       "C 1.55874 -2.683901 0.795609 -3 0 -3 \n",
       "C -0.795609 -3 -1.55874 -2.683901 -2.12132 -2.12132 \n",
       "C -2.683901 -1.55874 -3 -0.795609 -3 0 \n",
       "C -3 0.795609 -2.683901 1.55874 -2.12132 2.12132 \n",
       "C -1.55874 2.683901 -0.795609 3 0 3 \n",
       "z\n",
       "\" style=\"stroke: #0000ff\"/>\n",
       "    </defs>\n",
       "    <g clip-path=\"url(#p321c5c362d)\">\n",
       "     <use xlink:href=\"#maeb380dea6\" x=\"46.335852\" y=\"19.296\" style=\"fill: #0000ff; stroke: #0000ff\"/>\n",
       "     <use xlink:href=\"#maeb380dea6\" x=\"49.615191\" y=\"227.551941\" style=\"fill: #0000ff; stroke: #0000ff\"/>\n",
       "     <use xlink:href=\"#maeb380dea6\" x=\"52.89453\" y=\"248.020198\" style=\"fill: #0000ff; stroke: #0000ff\"/>\n",
       "     <use xlink:href=\"#maeb380dea6\" x=\"56.173869\" y=\"248.754527\" style=\"fill: #0000ff; stroke: #0000ff\"/>\n",
       "     <use xlink:href=\"#maeb380dea6\" x=\"59.453208\" y=\"255.786418\" style=\"fill: #0000ff; stroke: #0000ff\"/>\n",
       "     <use xlink:href=\"#maeb380dea6\" x=\"62.732546\" y=\"256.368811\" style=\"fill: #0000ff; stroke: #0000ff\"/>\n",
       "     <use xlink:href=\"#maeb380dea6\" x=\"66.011885\" y=\"254.999187\" style=\"fill: #0000ff; stroke: #0000ff\"/>\n",
       "     <use xlink:href=\"#maeb380dea6\" x=\"69.291224\" y=\"254.684381\" style=\"fill: #0000ff; stroke: #0000ff\"/>\n",
       "     <use xlink:href=\"#maeb380dea6\" x=\"72.570563\" y=\"245.287968\" style=\"fill: #0000ff; stroke: #0000ff\"/>\n",
       "     <use xlink:href=\"#maeb380dea6\" x=\"75.849902\" y=\"233.138147\" style=\"fill: #0000ff; stroke: #0000ff\"/>\n",
       "     <use xlink:href=\"#maeb380dea6\" x=\"79.129241\" y=\"219.370341\" style=\"fill: #0000ff; stroke: #0000ff\"/>\n",
       "     <use xlink:href=\"#maeb380dea6\" x=\"82.40858\" y=\"203.316565\" style=\"fill: #0000ff; stroke: #0000ff\"/>\n",
       "     <use xlink:href=\"#maeb380dea6\" x=\"85.687918\" y=\"185.4442\" style=\"fill: #0000ff; stroke: #0000ff\"/>\n",
       "     <use xlink:href=\"#maeb380dea6\" x=\"88.967257\" y=\"176.570645\" style=\"fill: #0000ff; stroke: #0000ff\"/>\n",
       "     <use xlink:href=\"#maeb380dea6\" x=\"92.246596\" y=\"162.367261\" style=\"fill: #0000ff; stroke: #0000ff\"/>\n",
       "     <use xlink:href=\"#maeb380dea6\" x=\"95.525935\" y=\"147.691939\" style=\"fill: #0000ff; stroke: #0000ff\"/>\n",
       "     <use xlink:href=\"#maeb380dea6\" x=\"98.805274\" y=\"140.923008\" style=\"fill: #0000ff; stroke: #0000ff\"/>\n",
       "     <use xlink:href=\"#maeb380dea6\" x=\"102.084613\" y=\"133.603391\" style=\"fill: #0000ff; stroke: #0000ff\"/>\n",
       "     <use xlink:href=\"#maeb380dea6\" x=\"105.363951\" y=\"133.50095\" style=\"fill: #0000ff; stroke: #0000ff\"/>\n",
       "     <use xlink:href=\"#maeb380dea6\" x=\"108.64329\" y=\"142.014688\" style=\"fill: #0000ff; stroke: #0000ff\"/>\n",
       "     <use xlink:href=\"#maeb380dea6\" x=\"111.922629\" y=\"139.524789\" style=\"fill: #0000ff; stroke: #0000ff\"/>\n",
       "     <use xlink:href=\"#maeb380dea6\" x=\"115.201968\" y=\"152.02564\" style=\"fill: #0000ff; stroke: #0000ff\"/>\n",
       "     <use xlink:href=\"#maeb380dea6\" x=\"118.481307\" y=\"157.042066\" style=\"fill: #0000ff; stroke: #0000ff\"/>\n",
       "     <use xlink:href=\"#maeb380dea6\" x=\"121.760646\" y=\"165.816845\" style=\"fill: #0000ff; stroke: #0000ff\"/>\n",
       "     <use xlink:href=\"#maeb380dea6\" x=\"125.039985\" y=\"179.033862\" style=\"fill: #0000ff; stroke: #0000ff\"/>\n",
       "     <use xlink:href=\"#maeb380dea6\" x=\"128.319323\" y=\"193.354963\" style=\"fill: #0000ff; stroke: #0000ff\"/>\n",
       "     <use xlink:href=\"#maeb380dea6\" x=\"131.598662\" y=\"215.164533\" style=\"fill: #0000ff; stroke: #0000ff\"/>\n",
       "     <use xlink:href=\"#maeb380dea6\" x=\"134.878001\" y=\"233.129702\" style=\"fill: #0000ff; stroke: #0000ff\"/>\n",
       "     <use xlink:href=\"#maeb380dea6\" x=\"138.15734\" y=\"245.494919\" style=\"fill: #0000ff; stroke: #0000ff\"/>\n",
       "     <use xlink:href=\"#maeb380dea6\" x=\"141.436679\" y=\"256.826053\" style=\"fill: #0000ff; stroke: #0000ff\"/>\n",
       "     <use xlink:href=\"#maeb380dea6\" x=\"144.716018\" y=\"257.738536\" style=\"fill: #0000ff; stroke: #0000ff\"/>\n",
       "     <use xlink:href=\"#maeb380dea6\" x=\"147.995356\" y=\"252.938643\" style=\"fill: #0000ff; stroke: #0000ff\"/>\n",
       "     <use xlink:href=\"#maeb380dea6\" x=\"151.274695\" y=\"241.582264\" style=\"fill: #0000ff; stroke: #0000ff\"/>\n",
       "     <use xlink:href=\"#maeb380dea6\" x=\"154.554034\" y=\"220.02747\" style=\"fill: #0000ff; stroke: #0000ff\"/>\n",
       "     <use xlink:href=\"#maeb380dea6\" x=\"157.833373\" y=\"200.239836\" style=\"fill: #0000ff; stroke: #0000ff\"/>\n",
       "     <use xlink:href=\"#maeb380dea6\" x=\"161.112712\" y=\"175.452149\" style=\"fill: #0000ff; stroke: #0000ff\"/>\n",
       "     <use xlink:href=\"#maeb380dea6\" x=\"164.392051\" y=\"163.842813\" style=\"fill: #0000ff; stroke: #0000ff\"/>\n",
       "     <use xlink:href=\"#maeb380dea6\" x=\"167.671389\" y=\"152.881184\" style=\"fill: #0000ff; stroke: #0000ff\"/>\n",
       "     <use xlink:href=\"#maeb380dea6\" x=\"170.950728\" y=\"144.46084\" style=\"fill: #0000ff; stroke: #0000ff\"/>\n",
       "     <use xlink:href=\"#maeb380dea6\" x=\"174.230067\" y=\"136.146716\" style=\"fill: #0000ff; stroke: #0000ff\"/>\n",
       "     <use xlink:href=\"#maeb380dea6\" x=\"177.509406\" y=\"133.374301\" style=\"fill: #0000ff; stroke: #0000ff\"/>\n",
       "     <use xlink:href=\"#maeb380dea6\" x=\"180.788745\" y=\"133.156391\" style=\"fill: #0000ff; stroke: #0000ff\"/>\n",
       "     <use xlink:href=\"#maeb380dea6\" x=\"184.068084\" y=\"141.732751\" style=\"fill: #0000ff; stroke: #0000ff\"/>\n",
       "     <use xlink:href=\"#maeb380dea6\" x=\"187.347423\" y=\"146.864277\" style=\"fill: #0000ff; stroke: #0000ff\"/>\n",
       "     <use xlink:href=\"#maeb380dea6\" x=\"190.626761\" y=\"169.06686\" style=\"fill: #0000ff; stroke: #0000ff\"/>\n",
       "     <use xlink:href=\"#maeb380dea6\" x=\"193.9061\" y=\"181.135957\" style=\"fill: #0000ff; stroke: #0000ff\"/>\n",
       "     <use xlink:href=\"#maeb380dea6\" x=\"197.185439\" y=\"195.55611\" style=\"fill: #0000ff; stroke: #0000ff\"/>\n",
       "     <use xlink:href=\"#maeb380dea6\" x=\"200.464778\" y=\"216.422645\" style=\"fill: #0000ff; stroke: #0000ff\"/>\n",
       "     <use xlink:href=\"#maeb380dea6\" x=\"203.744117\" y=\"232.663581\" style=\"fill: #0000ff; stroke: #0000ff\"/>\n",
       "     <use xlink:href=\"#maeb380dea6\" x=\"207.023456\" y=\"247.124555\" style=\"fill: #0000ff; stroke: #0000ff\"/>\n",
       "     <use xlink:href=\"#maeb380dea6\" x=\"210.302794\" y=\"257.859868\" style=\"fill: #0000ff; stroke: #0000ff\"/>\n",
       "     <use xlink:href=\"#maeb380dea6\" x=\"213.582133\" y=\"256.791235\" style=\"fill: #0000ff; stroke: #0000ff\"/>\n",
       "     <use xlink:href=\"#maeb380dea6\" x=\"216.861472\" y=\"253.077656\" style=\"fill: #0000ff; stroke: #0000ff\"/>\n",
       "     <use xlink:href=\"#maeb380dea6\" x=\"220.140811\" y=\"239.676286\" style=\"fill: #0000ff; stroke: #0000ff\"/>\n",
       "     <use xlink:href=\"#maeb380dea6\" x=\"223.42015\" y=\"219.246053\" style=\"fill: #0000ff; stroke: #0000ff\"/>\n",
       "     <use xlink:href=\"#maeb380dea6\" x=\"226.699489\" y=\"200.241087\" style=\"fill: #0000ff; stroke: #0000ff\"/>\n",
       "     <use xlink:href=\"#maeb380dea6\" x=\"229.978827\" y=\"180.394159\" style=\"fill: #0000ff; stroke: #0000ff\"/>\n",
       "     <use xlink:href=\"#maeb380dea6\" x=\"233.258166\" y=\"164.95697\" style=\"fill: #0000ff; stroke: #0000ff\"/>\n",
       "     <use xlink:href=\"#maeb380dea6\" x=\"236.537505\" y=\"152.271219\" style=\"fill: #0000ff; stroke: #0000ff\"/>\n",
       "     <use xlink:href=\"#maeb380dea6\" x=\"239.816844\" y=\"134.62321\" style=\"fill: #0000ff; stroke: #0000ff\"/>\n",
       "     <use xlink:href=\"#maeb380dea6\" x=\"243.096183\" y=\"138.564687\" style=\"fill: #0000ff; stroke: #0000ff\"/>\n",
       "     <use xlink:href=\"#maeb380dea6\" x=\"246.375522\" y=\"131.287874\" style=\"fill: #0000ff; stroke: #0000ff\"/>\n",
       "     <use xlink:href=\"#maeb380dea6\" x=\"249.654861\" y=\"141.00902\" style=\"fill: #0000ff; stroke: #0000ff\"/>\n",
       "     <use xlink:href=\"#maeb380dea6\" x=\"252.934199\" y=\"140.297738\" style=\"fill: #0000ff; stroke: #0000ff\"/>\n",
       "     <use xlink:href=\"#maeb380dea6\" x=\"256.213538\" y=\"155.212687\" style=\"fill: #0000ff; stroke: #0000ff\"/>\n",
       "     <use xlink:href=\"#maeb380dea6\" x=\"259.492877\" y=\"169.161054\" style=\"fill: #0000ff; stroke: #0000ff\"/>\n",
       "     <use xlink:href=\"#maeb380dea6\" x=\"262.772216\" y=\"186.578165\" style=\"fill: #0000ff; stroke: #0000ff\"/>\n",
       "     <use xlink:href=\"#maeb380dea6\" x=\"266.051555\" y=\"200.854426\" style=\"fill: #0000ff; stroke: #0000ff\"/>\n",
       "     <use xlink:href=\"#maeb380dea6\" x=\"269.330894\" y=\"219.403882\" style=\"fill: #0000ff; stroke: #0000ff\"/>\n",
       "     <use xlink:href=\"#maeb380dea6\" x=\"272.610232\" y=\"234.19174\" style=\"fill: #0000ff; stroke: #0000ff\"/>\n",
