{
 "cells": [
  {
   "cell_type": "markdown",
   "id": "29ad53e3",
   "metadata": {},
   "source": [
    "In this notebook, I explore my new idea of employing only Y correction of phase error amplified by APE sequence\n",
    "\n",
    "### References\n",
    "\n",
    "^[1]: Lucero10"
   ]
  },
  {
   "cell_type": "markdown",
   "id": "f16a607a",
   "metadata": {},
   "source": [
    "## Dependencies"
   ]
  },
  {
   "cell_type": "code",
   "execution_count": 1,
   "id": "b94f2309",
   "metadata": {},
   "outputs": [],
   "source": [
    "%config InlineBackend.figure_formats = ['svg']\n",
    "\n",
    "import os\n",
    "os.chdir('/Users/ngdnhtien/Codespace/PulsatingPulseShop/')\n",
    "\n",
    "# Necessary dependencies\n",
    "\n",
    "# qiskit\n",
    "from qiskit import pulse\n",
    "from qiskit.circuit import Parameter\n",
    "from qiskit.circuit import QuantumCircuit, Gate\n",
    "from qiskit_ibm_provider import IBMProvider\n",
    "\n",
    "# qutritium\n",
    "from utility import *\n",
    "from constant import *\n",
    "\n",
    "# numerical\n",
    "import numpy as np\n",
    "from scipy.optimize import curve_fit\n",
    "import pickle \n",
    "\n",
    "# plot\n",
    "from matplotlib.ticker import MultipleLocator\n",
    "\n",
    "plt.rcParams['axes.linewidth'] = 1.25"
   ]
  },
  {
   "cell_type": "markdown",
   "id": "4a13fcfd",
   "metadata": {},
   "source": [
    "## Derivative Removal of Adiabaticity Gates\n",
    "\n",
    "[1]: Sheldon *et al.* Characterizing errors on qubit operations via iterative randomized benchmarking. *Phys. Rev. A* **93**, 012301. [https://doi.org/10.1103/PhysRevA.93.012301](https://doi.org/10.1103/PhysRevA.93.012301).\n",
    "\n",
    "Transmon systems are, theoretically, weakly anharmonic oscillators with extra dimensions whose presence is unfavorred in the context of quantum computing. They can cause leakage (real transitions) or phase error (virtual transitions) on the computational subspace. To remove leakage, Derivative Removal of Adiabatic Gate (DRAG) technique is employed. **Try running simulations to see the effect of DRAG.**\n",
    "\n",
    "The weak anharmonictity of transmons, $\\Delta$, limits the control pulses' length. Because the coherent time of transmon qubits is finite, Heisenberg principle dictates that the pulse should not be proportionally shorter than the inverse of anharmonicity, $1/\\Delta$. **We should run some experiments to confirm this.** Longer pulses are limited by the generic coherent time of the qubits themselves. \n",
    "\n",
    "Repetitive interleaved randomized benchmarking means: repeating a target Clifford $n$ times between the random Clifford gates and measuring the fidelity as a function of $n$ repetitions. Two cases might arise\n",
    "\n",
    "- If the gate errors are non-unitary, then the fidelity will only depend on the total length of the interleaved segment, and the resulting error per segment will thus be *linear* with $n$.\n",
    "- If there are unitary errors of an over-/underrotation type, they will add coherently with $n$, and the fidelity decay will be *quadratic* to leading order."
   ]
  },
  {
   "cell_type": "code",
   "execution_count": 2,
   "id": "df072299",
   "metadata": {},
   "outputs": [
    {
     "name": "stdout",
     "output_type": "stream",
     "text": [
      "[<IBMBackend('ibm_brisbane')>, <IBMBackend('ibm_kyoto')>, <IBMBackend('ibm_osaka')>, <IBMBackend('ibmq_qasm_simulator')>, <IBMBackend('simulator_extended_stabilizer')>, <IBMBackend('simulator_mps')>, <IBMBackend('simulator_statevector')>, <IBMBackend('simulator_stabilizer')>]\n"
     ]
    }
   ],
   "source": [
    "provider = IBMProvider()\n",
    "print(provider.backends())"
   ]
  },
  {
   "cell_type": "code",
   "execution_count": 3,
   "id": "4ea1c925",
   "metadata": {},
   "outputs": [],
   "source": [
    "backend = provider.get_backend('ibm_brisbane')\n",
    "\n",
    "backend_config = backend.configuration()\n",
    "backend_defaults = backend.defaults()\n",
    "backend_properties = backend.properties()\n",
    "dt = backend_config.dt\n",
    "\n",
    "qubit = 109\n",
    "cbit = 0\n",
    "num_qubits = int(qubit+1)\n",
    "num_cbits = 1\n",
    "weight = 1"
   ]
  },
  {
   "cell_type": "code",
   "execution_count": 4,
   "id": "4a8aa3c1",
   "metadata": {},
   "outputs": [],
   "source": [
    "qubit_01_freq = backend_defaults.qubit_freq_est[qubit]\n",
    "qubit_anharmonicty = backend_properties.qubits[qubit][3].value*GHz\n",
    "qubit_12_freq = qubit_01_freq + qubit_anharmonicty\n",
    "\n",
    "p12_amp = 0.22289722723304814"
   ]
  },
  {
   "cell_type": "code",
   "execution_count": 5,
   "id": "bd3eb99f",
   "metadata": {},
   "outputs": [],
   "source": [
    "with pulse.build(backend=backend) as hp12_sched:\n",
    "    drive_chan = pulse.drive_channel(qubit)\n",
    "    pulse.set_frequency(qubit_12_freq, drive_chan)\n",
    "    pulse.play(pulse.Drag(duration=96, amp=p12_amp/2, sigma=24, beta=-0.4, name='hp12'), drive_chan)\n",
    "    \n",
    "hp12_gate = Gate(r'X_{\\pi/2}^{(12)}', weight, [])\n",
    "    \n",
    "with pulse.build(backend=backend) as p12_sched:\n",
    "    drive_chan = qiskit.pulse.drive_channel(qubit)\n",
    "    pulse.set_frequency(qubit_12_freq, drive_chan)\n",
    "    pulse.play(pulse.Drag(duration=96, amp=p12_amp, sigma=24, beta=-0.4, name='p12'), drive_chan)\n",
    "\n",
    "p12_gate = Gate(r'X_{\\pi}^{(12)}', weight, [])"
   ]
  },
  {
   "cell_type": "code",
   "execution_count": 7,
   "id": "a0a933d2",
   "metadata": {},
   "outputs": [],
   "source": [
    "with pulse.build(backend=backend) as delay_10us:\n",
    "    drive_chan = pulse.drive_channel(qubit)\n",
    "    pulse.delay(20000, drive_chan)\n",
    "    \n",
    "with pulse.build(backend=backend) as delay_20us:\n",
    "    drive_chan = pulse.drive_channel(qubit)\n",
    "    pulse.delay(40000, drive_chan)\n",
    "    \n",
    "delay_gate = Gate('Delay', weight, [])"
   ]
  },
  {
   "cell_type": "markdown",
   "id": "cad02acc",
   "metadata": {},
   "source": [
    "## Discriminator"
   ]
  },
  {
   "cell_type": "code",
   "execution_count": 8,
   "id": "d521a795",
   "metadata": {},
   "outputs": [],
   "source": [
    "ground_circ = QuantumCircuit(num_qubits, num_cbits)\n",
    "ground_circ.append(delay_gate, [qubit])\n",
    "ground_circ.measure(qubit, cbit)\n",
    "ground_circ.add_calibration(delay_gate, [qubit], delay_20us)\n",
    "\n",
    "first_excited_state_circ = QuantumCircuit(num_qubits, num_cbits)\n",
    "first_excited_state_circ.append(delay_gate, [qubit])\n",
    "first_excited_state_circ.x(qubit)\n",
    "first_excited_state_circ.measure(qubit, cbit)\n",
    "first_excited_state_circ.add_calibration(delay_gate, [qubit], delay_10us)\n",
    "\n",
    "second_excited_state_circ = QuantumCircuit(num_qubits, num_cbits)\n",
    "second_excited_state_circ.append(delay_gate, [qubit])\n",
    "second_excited_state_circ.x(qubit)\n",
    "second_excited_state_circ.append(p12_gate, [qubit])\n",
    "second_excited_state_circ.measure(qubit, cbit)\n",
    "second_excited_state_circ.add_calibration(p12_gate, [qubit], p12_sched)\n",
    "second_excited_state_circ.add_calibration(delay_gate, [qubit], delay_10us)\n",
    "\n",
    "discrim_circs = qiskit.transpile([ground_circ, first_excited_state_circ, second_excited_state_circ], backend=backend)"
   ]
  },
  {
   "cell_type": "markdown",
   "id": "a43a0f76",
   "metadata": {},
   "source": [
    "## Only Y correction\n",
    "\n",
    "Amplified phase error (APE) pulse sequence in combination with Y component."
   ]
  },
  {
   "cell_type": "code",
   "execution_count": 9,
   "id": "ab5db1a2",
   "metadata": {},
   "outputs": [],
   "source": [
    "scaled_quadrature = np.linspace(-5.0, 5.0, 100)"
   ]
  },
  {
   "cell_type": "code",
   "execution_count": 11,
   "id": "0fa91280",
   "metadata": {},
   "outputs": [],
   "source": [
    "Y_circs = []\n",
    "\n",
    "for beta in scaled_quadrature:\n",
    "\n",
    "    Y_circ = QuantumCircuit(num_qubits, num_cbits)\n",
    "    Y_circ.append(delay_gate, [qubit])\n",
    "    Y_circ.x(qubit) # prepare |1>\n",
    "    Y_circ.append(hp12_gate, [qubit])\n",
    "\n",
    "    with pulse.build(backend=backend) as hp12_sched_Y:\n",
    "        drive_chan = pulse.drive_channel(qubit)\n",
    "        pulse.set_frequency(qubit_12_freq, drive_chan)\n",
    "        pulse.play(pulse.Drag(duration=96, amp=p12_amp/2, sigma=24, beta=beta, name='hp12_Y'), drive_chan)\n",
    "\n",
    "    hp12_gate_Y = Gate(r'R_{\\pi/2}^{(12)}', weight, [])\n",
    "\n",
    "    # n = 5 i.e. 1 pseudo sequence of I\n",
    "    Y_circ.append(hp12_gate_Y, [qubit])\n",
    "    Y_circ.append(hp12_gate_Y, [qubit])\n",
    "    Y_circ.append(hp12_gate_Y, [qubit])\n",
    "    Y_circ.append(hp12_gate_Y, [qubit])\n",
    "    Y_circ.append(hp12_gate_Y, [qubit])\n",
    "    Y_circ.append(hp12_gate_Y, [qubit])\n",
    "    Y_circ.append(hp12_gate_Y, [qubit])\n",
    "    Y_circ.append(hp12_gate_Y, [qubit])\n",
    "\n",
    "    Y_circ.append(hp12_gate, [qubit])\n",
    "\n",
    "    Y_circ.measure(qubit, cbit)\n",
    "\n",
    "    Y_circ.add_calibration(delay_gate, [qubit], delay_10us)\n",
    "    Y_circ.add_calibration(hp12_gate, [qubit], hp12_sched)\n",
    "    Y_circ.add_calibration(hp12_gate_Y, [qubit], hp12_sched_Y)\n",
    "\n",
    "    Y_circs.append(Y_circ)"
   ]
  },
  {
   "cell_type": "code",
   "execution_count": 13,
   "id": "f416d9a3",
   "metadata": {},
   "outputs": [],
   "source": [
    "package = []\n",
    "\n",
    "package = discrim_circs + Y_circs"
   ]
  },
  {
   "cell_type": "code",
   "execution_count": 17,
   "id": "ddfa66b8",
   "metadata": {},
   "outputs": [],
   "source": [
    "Y_exp = backend.run(package, meas_level=1, meas_return='single', shots=2048, job_tags=[\"beta_m5to5_onlyYcorrection\"])"
   ]
  },
  {
   "cell_type": "code",
   "execution_count": 34,
   "id": "79f9f32e",
   "metadata": {},
   "outputs": [],
   "source": [
    "jobs = provider.jobs(limit=20, descending=True)"
   ]
  },
  {
   "cell_type": "code",
   "execution_count": 35,
   "id": "3f1710ac",
   "metadata": {},
   "outputs": [
    {
     "data": {
      "text/plain": [
       "[<IBMCircuitJob('cp0txf5prheg008qf21g')>,\n",
       " <IBMCircuitJob('cp0t8bs2zy6g008s367g')>,\n",
       " <IBMCircuitJob('cp0t82gprheg008qez9g')>,\n",
       " <IBMCircuitJob('cp0ms7wja3gg0085mqt0')>,\n",
       " <IBMCircuitJob('cp0mrzbyx18g008ygpbg')>,\n",
       " <IBMCircuitJob('cn8c5249recg008x3pa0')>,\n",
       " <IBMCircuitJob('cn8c51c62r900088459g')>,\n",
       " <IBMCircuitJob('cn8c50canbvg008dd4e0')>,\n",
       " <IBMCircuitJob('cn8c2esxhnxg008dnp9g')>,\n",
       " <IBMCircuitJob('cn8c2e1ss5h00087ny20')>,\n",
       " <IBMCircuitJob('cn8c2d9anbvg008dd48g')>,\n",
       " <IBMCircuitJob('cn8c010xhnxg008dnp00')>,\n",
       " <IBMCircuitJob('cn8bzxz64yf0008epx5g')>,\n",
       " <IBMCircuitJob('cn8by7864yf0008epx2g')>,\n",
       " <IBMCircuitJob('cn8bmj29recg008x3mpg')>,\n",
       " <IBMCircuitJob('cn8bmhaxhnxg008dnn0g')>,\n",
       " <IBMCircuitJob('cn8bmgj64yf0008epw7g')>,\n",
       " <IBMCircuitJob('cn54z64rmwhg008k2yxg')>]"
      ]
     },
     "execution_count": 35,
     "metadata": {},
     "output_type": "execute_result"
    }
   ],
   "source": [
    "jobs"
   ]
  },
  {
   "cell_type": "code",
   "execution_count": 37,
   "id": "daaedc44",
   "metadata": {},
   "outputs": [],
   "source": [
    "Y_exp = provider.backend.retrieve_job('cp0txf5prheg008qf21g')"
   ]
  },
  {
   "cell_type": "code",
   "execution_count": 38,
   "id": "b14ec0a9",
   "metadata": {},
   "outputs": [],
   "source": [
    "Y_data = DataAnalysis(experiment=Y_exp, average=False, shots=2048, qubit=0)\n",
    "Y_data.retrieve_data(average=False)\n",
    "Y_data.build_discrim()\n",
    "Y_data.count_pop()\n",
    "Y_data.error_mitiq()"
   ]
  },
  {
   "cell_type": "code",
   "execution_count": 43,
   "id": "289e498f",
   "metadata": {},
   "outputs": [
    {
     "data": {
      "text/plain": [
       "[[0.87841796875, 0.037109375, 0.08447265625],\n",
       " [0.0185546875, 0.89892578125, 0.08251953125],\n",
       " [0.01708984375, 0.11376953125, 0.869140625],\n",
       " [0.03515625, 0.3505859375, 0.6142578125],\n",
       " [0.03369140625, 0.31005859375, 0.65625],\n",
       " [0.03125, 0.328125, 0.640625],\n",
       " [0.02734375, 0.33349609375, 0.63916015625],\n",
       " [0.03271484375, 0.3447265625, 0.62255859375],\n",
       " [0.02783203125, 0.32470703125, 0.6474609375],\n",
       " [0.03955078125, 0.34912109375, 0.611328125],\n",
       " [0.029296875, 0.31982421875, 0.65087890625],\n",
       " [0.03271484375, 0.333984375, 0.63330078125],\n",
       " [0.029296875, 0.34765625, 0.623046875],\n",
       " [0.02978515625, 0.34765625, 0.62255859375],\n",
       " [0.02880859375, 0.34814453125, 0.623046875],\n",
       " [0.03564453125, 0.33154296875, 0.6328125],\n",
       " [0.0380859375, 0.3427734375, 0.619140625],\n",
       " [0.033203125, 0.33544921875, 0.63134765625],\n",
       " [0.0322265625, 0.34423828125, 0.62353515625],\n",
       " [0.02880859375, 0.35400390625, 0.6171875],\n",
       " [0.02734375, 0.31591796875, 0.65673828125],\n",
       " [0.02783203125, 0.32958984375, 0.642578125],\n",
       " [0.03173828125, 0.34228515625, 0.6259765625],\n",
       " [0.02734375, 0.3349609375, 0.6376953125],\n",
       " [0.02294921875, 0.33349609375, 0.6435546875],\n",
       " [0.0341796875, 0.33837890625, 0.62744140625],\n",
       " [0.0341796875, 0.3193359375, 0.646484375],\n",
       " [0.0283203125, 0.3427734375, 0.62890625],\n",
       " [0.029296875, 0.3466796875, 0.6240234375],\n",
       " [0.03125, 0.35693359375, 0.61181640625],\n",
       " [0.029296875, 0.3427734375, 0.6279296875],\n",
       " [0.03662109375, 0.328125, 0.63525390625],\n",
       " [0.0263671875, 0.3251953125, 0.6484375],\n",
       " [0.029296875, 0.34326171875, 0.62744140625],\n",
       " [0.03564453125, 0.33544921875, 0.62890625],\n",
       " [0.0302734375, 0.3349609375, 0.634765625],\n",
       " [0.0322265625, 0.34765625, 0.6201171875],\n",
       " [0.03076171875, 0.33837890625, 0.630859375],\n",
       " [0.03173828125, 0.3173828125, 0.65087890625],\n",
       " [0.02294921875, 0.333984375, 0.64306640625],\n",
       " [0.02001953125, 0.34130859375, 0.638671875],\n",
       " [0.03173828125, 0.34765625, 0.62060546875],\n",
       " [0.02587890625, 0.365234375, 0.60888671875],\n",
       " [0.0283203125, 0.34130859375, 0.63037109375],\n",
       " [0.03271484375, 0.3291015625, 0.63818359375],\n",
       " [0.0244140625, 0.3330078125, 0.642578125],\n",
       " [0.02783203125, 0.3623046875, 0.60986328125],\n",
       " [0.033203125, 0.33349609375, 0.63330078125],\n",
       " [0.02978515625, 0.33203125, 0.63818359375],\n",
       " [0.02734375, 0.359375, 0.61328125],\n",
       " [0.02978515625, 0.34423828125, 0.6259765625],\n",
       " [0.03125, 0.35498046875, 0.61376953125],\n",
       " [0.0205078125, 0.3564453125, 0.623046875],\n",
       " [0.02490234375, 0.3583984375, 0.61669921875],\n",
       " [0.03369140625, 0.3515625, 0.61474609375],\n",
       " [0.02783203125, 0.34130859375, 0.630859375],\n",
       " [0.0322265625, 0.328125, 0.6396484375],\n",
       " [0.0283203125, 0.35400390625, 0.61767578125],\n",
       " [0.03271484375, 0.34619140625, 0.62109375],\n",
       " [0.033203125, 0.345703125, 0.62109375],\n",
       " [0.0263671875, 0.33984375, 0.6337890625],\n",
       " [0.0322265625, 0.3544921875, 0.61328125],\n",
       " [0.02978515625, 0.3310546875, 0.63916015625],\n",
       " [0.03466796875, 0.33984375, 0.62548828125],\n",
       " [0.03466796875, 0.33447265625, 0.630859375],\n",
       " [0.02783203125, 0.3505859375, 0.62158203125],\n",
       " [0.02880859375, 0.34619140625, 0.625],\n",
       " [0.03271484375, 0.34619140625, 0.62109375],\n",
       " [0.03271484375, 0.3193359375, 0.64794921875],\n",
       " [0.03515625, 0.31884765625, 0.64599609375],\n",
       " [0.0244140625, 0.35400390625, 0.62158203125],\n",
       " [0.029296875, 0.35693359375, 0.61376953125],\n",
       " [0.03662109375, 0.34521484375, 0.6181640625],\n",
       " [0.03076171875, 0.34326171875, 0.6259765625],\n",
       " [0.029296875, 0.32470703125, 0.64599609375],\n",
       " [0.03662109375, 0.361328125, 0.60205078125],\n",
       " [0.02734375, 0.349609375, 0.623046875],\n",
       " [0.033203125, 0.337890625, 0.62890625],\n",
       " [0.03173828125, 0.34814453125, 0.6201171875],\n",
       " [0.02783203125, 0.3486328125, 0.62353515625],\n",
       " [0.02978515625, 0.34912109375, 0.62109375],\n",
       " [0.03662109375, 0.3359375, 0.62744140625],\n",
       " [0.03369140625, 0.349609375, 0.61669921875],\n",
       " [0.0263671875, 0.322265625, 0.6513671875],\n",
       " [0.03369140625, 0.328125, 0.63818359375],\n",
       " [0.02734375, 0.34326171875, 0.62939453125],\n",
       " [0.0263671875, 0.3388671875, 0.634765625],\n",
       " [0.02197265625, 0.31787109375, 0.66015625],\n",
       " [0.033203125, 0.33544921875, 0.63134765625],\n",
       " [0.0341796875, 0.33544921875, 0.63037109375],\n",
       " [0.0263671875, 0.3369140625, 0.63671875],\n",
       " [0.03125, 0.31982421875, 0.64892578125],\n",
       " [0.0302734375, 0.33935546875, 0.63037109375],\n",
       " [0.0341796875, 0.326171875, 0.6396484375],\n",
       " [0.029296875, 0.35009765625, 0.62060546875],\n",
       " [0.0244140625, 0.34814453125, 0.62744140625],\n",
       " [0.0244140625, 0.31982421875, 0.65576171875],\n",
       " [0.025390625, 0.33203125, 0.642578125],\n",
       " [0.0322265625, 0.3125, 0.6552734375],\n",
       " [0.03076171875, 0.3427734375, 0.62646484375],\n",
       " [0.02587890625, 0.33251953125, 0.6416015625],\n",
       " [0.02490234375, 0.35546875, 0.61962890625],\n",
       " [0.02978515625, 0.3359375, 0.63427734375]]"
      ]
     },
     "execution_count": 43,
     "metadata": {},
     "output_type": "execute_result"
    }
   ],
   "source": [
    "Y_data.raw_counted"
   ]
  },
  {
   "cell_type": "code",
   "execution_count": null,
   "id": "7d353ab5",
   "metadata": {},
   "outputs": [
    {
     "data": {
      "image/svg+xml": [
       "<?xml version=\"1.0\" encoding=\"utf-8\" standalone=\"no\"?>\n",
       "<!DOCTYPE svg PUBLIC \"-//W3C//DTD SVG 1.1//EN\"\n",
       "  \"http://www.w3.org/Graphics/SVG/1.1/DTD/svg11.dtd\">\n",
       "<svg xmlns:xlink=\"http://www.w3.org/1999/xlink\" width=\"424.504375pt\" height=\"333.104969pt\" viewBox=\"0 0 424.504375 333.104969\" xmlns=\"http://www.w3.org/2000/svg\" version=\"1.1\">\n",
       " <metadata>\n",
       "  <rdf:RDF xmlns:dc=\"http://purl.org/dc/elements/1.1/\" xmlns:cc=\"http://creativecommons.org/ns#\" xmlns:rdf=\"http://www.w3.org/1999/02/22-rdf-syntax-ns#\">\n",
       "   <cc:Work>\n",
       "    <dc:type rdf:resource=\"http://purl.org/dc/dcmitype/StillImage\"/>\n",
       "    <dc:date>2023-12-20T15:38:33.142741</dc:date>\n",
       "    <dc:format>image/svg+xml</dc:format>\n",
       "    <dc:creator>\n",
       "     <cc:Agent>\n",
       "      <dc:title>Matplotlib v3.7.1, https://matplotlib.org/</dc:title>\n",
       "     </cc:Agent>\n",
       "    </dc:creator>\n",
       "   </cc:Work>\n",
       "  </rdf:RDF>\n",
       " </metadata>\n",
       " <defs>\n",
       "  <style type=\"text/css\">*{stroke-linejoin: round; stroke-linecap: butt}</style>\n",
       " </defs>\n",
       " <g id=\"figure_1\">\n",
       "  <g id=\"patch_1\">\n",
       "   <path d=\"M 0 333.104969 \n",
       "L 424.504375 333.104969 \n",
       "L 424.504375 0 \n",
       "L 0 0 \n",
       "z\n",
       "\" style=\"fill: #ffffff\"/>\n",
       "  </g>\n",
       "  <g id=\"axes_1\">\n",
       "   <g id=\"patch_2\">\n",
       "    <path d=\"M 53.821875 290.709656 \n",
       "L 410.941875 290.709656 \n",
       "L 410.941875 24.597656 \n",
       "L 53.821875 24.597656 \n",
       "z\n",
       "\" style=\"fill: #ffffff\"/>\n",
       "   </g>\n",
       "   <g id=\"PathCollection_1\">\n",
       "    <defs>\n",
       "     <path id=\"m0be3f6ebd8\" d=\"M 0 1.118034 \n",
       "C 0.296506 1.118034 0.580908 1.000231 0.790569 0.790569 \n",
       "C 1.000231 0.580908 1.118034 0.296506 1.118034 0 \n",
       "C 1.118034 -0.296506 1.000231 -0.580908 0.790569 -0.790569 \n",
       "C 0.580908 -1.000231 0.296506 -1.118034 0 -1.118034 \n",
       "C -0.296506 -1.118034 -0.580908 -1.000231 -0.790569 -0.790569 \n",
       "C -1.000231 -0.580908 -1.118034 -0.296506 -1.118034 0 \n",
       "C -1.118034 0.296506 -1.000231 0.580908 -0.790569 0.790569 \n",
       "C -0.580908 1.000231 -0.296506 1.118034 0 1.118034 \n",
       "z\n",
       "\" style=\"stroke: #0000ff; stroke-opacity: 0.5\"/>\n",
       "    </defs>\n",
       "    <g clip-path=\"url(#pa8eeddb41c)\">\n",
       "     <use xlink:href=\"#m0be3f6ebd8\" x=\"79.730782\" y=\"86.702446\" style=\"fill: #0000ff; fill-opacity: 0.5; stroke: #0000ff; stroke-opacity: 0.5\"/>\n",
       "     <use xlink:href=\"#m0be3f6ebd8\" x=\"118.537021\" y=\"139.86732\" style=\"fill: #0000ff; fill-opacity: 0.5; stroke: #0000ff; stroke-opacity: 0.5\"/>\n",
       "     <use xlink:href=\"#m0be3f6ebd8\" x=\"155.89575\" y=\"116.769128\" style=\"fill: #0000ff; fill-opacity: 0.5; stroke: #0000ff; stroke-opacity: 0.5\"/>\n",
       "     <use xlink:href=\"#m0be3f6ebd8\" x=\"76.305316\" y=\"140.199344\" style=\"fill: #0000ff; fill-opacity: 0.5; stroke: #0000ff; stroke-opacity: 0.5\"/>\n",
       "     <use xlink:href=\"#m0be3f6ebd8\" x=\"79.551031\" y=\"109.082808\" style=\"fill: #0000ff; fill-opacity: 0.5; stroke: #0000ff; stroke-opacity: 0.5\"/>\n",
       "     <use xlink:href=\"#m0be3f6ebd8\" x=\"324.355997\" y=\"220.474634\" style=\"fill: #0000ff; fill-opacity: 0.5; stroke: #0000ff; stroke-opacity: 0.5\"/>\n",
       "     <use xlink:href=\"#m0be3f6ebd8\" x=\"74.597704\" y=\"102.513939\" style=\"fill: #0000ff; fill-opacity: 0.5; stroke: #0000ff; stroke-opacity: 0.5\"/>\n",
       "     <use xlink:href=\"#m0be3f6ebd8\" x=\"149.787737\" y=\"122.510053\" style=\"fill: #0000ff; fill-opacity: 0.5; stroke: #0000ff; stroke-opacity: 0.5\"/>\n",
       "     <use xlink:href=\"#m0be3f6ebd8\" x=\"69.31388\" y=\"99.410259\" style=\"fill: #0000ff; fill-opacity: 0.5; stroke: #0000ff; stroke-opacity: 0.5\"/>\n",
       "     <use xlink:href=\"#m0be3f6ebd8\" x=\"103.632444\" y=\"175.170188\" style=\"fill: #0000ff; fill-opacity: 0.5; stroke: #0000ff; stroke-opacity: 0.5\"/>\n",
       "     <use xlink:href=\"#m0be3f6ebd8\" x=\"212.475707\" y=\"92.952044\" style=\"fill: #0000ff; fill-opacity: 0.5; stroke: #0000ff; stroke-opacity: 0.5\"/>\n",
       "     <use xlink:href=\"#m0be3f6ebd8\" x=\"112.353175\" y=\"126.736115\" style=\"fill: #0000ff; fill-opacity: 0.5; stroke: #0000ff; stroke-opacity: 0.5\"/>\n",
       "     <use xlink:href=\"#m0be3f6ebd8\" x=\"86.286257\" y=\"115.766705\" style=\"fill: #0000ff; fill-opacity: 0.5; stroke: #0000ff; stroke-opacity: 0.5\"/>\n",
       "     <use xlink:href=\"#m0be3f6ebd8\" x=\"64.838129\" y=\"115.977545\" style=\"fill: #0000ff; fill-opacity: 0.5; stroke: #0000ff; stroke-opacity: 0.5\"/>\n",
       "     <use xlink:href=\"#m0be3f6ebd8\" x=\"152.921904\" y=\"145.115504\" style=\"fill: #0000ff; fill-opacity: 0.5; stroke: #0000ff; stroke-opacity: 0.5\"/>\n",
       "     <use xlink:href=\"#m0be3f6ebd8\" x=\"92.371639\" y=\"109.873064\" style=\"fill: #0000ff; fill-opacity: 0.5; stroke: #0000ff; stroke-opacity: 0.5\"/>\n",
       "     <use xlink:href=\"#m0be3f6ebd8\" x=\"135.631652\" y=\"134.891683\" style=\"fill: #0000ff; fill-opacity: 0.5; stroke: #0000ff; stroke-opacity: 0.5\"/>\n",
       "     <use xlink:href=\"#m0be3f6ebd8\" x=\"133.258967\" y=\"103.22919\" style=\"fill: #0000ff; fill-opacity: 0.5; stroke: #0000ff; stroke-opacity: 0.5\"/>\n",
       "     <use xlink:href=\"#m0be3f6ebd8\" x=\"315.487355\" y=\"161.252354\" style=\"fill: #0000ff; fill-opacity: 0.5; stroke: #0000ff; stroke-opacity: 0.5\"/>\n",
       "     <use xlink:href=\"#m0be3f6ebd8\" x=\"156.462701\" y=\"144.492008\" style=\"fill: #0000ff; fill-opacity: 0.5; stroke: #0000ff; stroke-opacity: 0.5\"/>\n",
       "     <use xlink:href=\"#m0be3f6ebd8\" x=\"157.307167\" y=\"94.88991\" style=\"fill: #0000ff; fill-opacity: 0.5; stroke: #0000ff; stroke-opacity: 0.5\"/>\n",
       "     <use xlink:href=\"#m0be3f6ebd8\" x=\"25.3452\" y=\"86.635245\" style=\"fill: #0000ff; fill-opacity: 0.5; stroke: #0000ff; stroke-opacity: 0.5\"/>\n",
       "     <use xlink:href=\"#m0be3f6ebd8\" x=\"157.145095\" y=\"86.223987\" style=\"fill: #0000ff; fill-opacity: 0.5; stroke: #0000ff; stroke-opacity: 0.5\"/>\n",
       "     <use xlink:href=\"#m0be3f6ebd8\" x=\"74.556456\" y=\"125.567629\" style=\"fill: #0000ff; fill-opacity: 0.5; stroke: #0000ff; stroke-opacity: 0.5\"/>\n",
       "     <use xlink:href=\"#m0be3f6ebd8\" x=\"71.350032\" y=\"101.91815\" style=\"fill: #0000ff; fill-opacity: 0.5; stroke: #0000ff; stroke-opacity: 0.5\"/>\n",
       "     <use xlink:href=\"#m0be3f6ebd8\" x=\"106.995107\" y=\"140.512079\" style=\"fill: #0000ff; fill-opacity: 0.5; stroke: #0000ff; stroke-opacity: 0.5\"/>\n",
       "     <use xlink:href=\"#m0be3f6ebd8\" x=\"83.04595\" y=\"136.035448\" style=\"fill: #0000ff; fill-opacity: 0.5; stroke: #0000ff; stroke-opacity: 0.5\"/>\n",
       "     <use xlink:href=\"#m0be3f6ebd8\" x=\"65.868242\" y=\"119.914279\" style=\"fill: #0000ff; fill-opacity: 0.5; stroke: #0000ff; stroke-opacity: 0.5\"/>\n",
       "     <use xlink:href=\"#m0be3f6ebd8\" x=\"49.029285\" y=\"119.216093\" style=\"fill: #0000ff; fill-opacity: 0.5; stroke: #0000ff; stroke-opacity: 0.5\"/>\n",
       "     <use xlink:href=\"#m0be3f6ebd8\" x=\"349.046761\" y=\"177.447335\" style=\"fill: #0000ff; fill-opacity: 0.5; stroke: #0000ff; stroke-opacity: 0.5\"/>\n",
       "     <use xlink:href=\"#m0be3f6ebd8\" x=\"171.443284\" y=\"138.637887\" style=\"fill: #0000ff; fill-opacity: 0.5; stroke: #0000ff; stroke-opacity: 0.5\"/>\n",
       "     <use xlink:href=\"#m0be3f6ebd8\" x=\"90.609201\" y=\"103.834629\" style=\"fill: #0000ff; fill-opacity: 0.5; stroke: #0000ff; stroke-opacity: 0.5\"/>\n",
       "     <use xlink:href=\"#m0be3f6ebd8\" x=\"139.556711\" y=\"166.003328\" style=\"fill: #0000ff; fill-opacity: 0.5; stroke: #0000ff; stroke-opacity: 0.5\"/>\n",
       "     <use xlink:href=\"#m0be3f6ebd8\" x=\"-1\" y=\"86.662408\" style=\"fill: #0000ff; fill-opacity: 0.5; stroke: #0000ff; stroke-opacity: 0.5\"/>\n",
       "     <use xlink:href=\"#m0be3f6ebd8\" x=\"-1\" y=\"84.482279\" style=\"fill: #0000ff; fill-opacity: 0.5; stroke: #0000ff; stroke-opacity: 0.5\"/>\n",
       "     <use xlink:href=\"#m0be3f6ebd8\" x=\"43.233979\" y=\"88.491623\" style=\"fill: #0000ff; fill-opacity: 0.5; stroke: #0000ff; stroke-opacity: 0.5\"/>\n",
       "     <use xlink:href=\"#m0be3f6ebd8\" x=\"167.328453\" y=\"121.773665\" style=\"fill: #0000ff; fill-opacity: 0.5; stroke: #0000ff; stroke-opacity: 0.5\"/>\n",
       "     <use xlink:href=\"#m0be3f6ebd8\" x=\"52.20238\" y=\"121.698804\" style=\"fill: #0000ff; fill-opacity: 0.5; stroke: #0000ff; stroke-opacity: 0.5\"/>\n",
       "     <use xlink:href=\"#m0be3f6ebd8\" x=\"70.372496\" y=\"149.588566\" style=\"fill: #0000ff; fill-opacity: 0.5; stroke: #0000ff; stroke-opacity: 0.5\"/>\n",
       "     <use xlink:href=\"#m0be3f6ebd8\" x=\"74.518085\" y=\"151.884877\" style=\"fill: #0000ff; fill-opacity: 0.5; stroke: #0000ff; stroke-opacity: 0.5\"/>\n",
       "     <use xlink:href=\"#m0be3f6ebd8\" x=\"80.974236\" y=\"109.596502\" style=\"fill: #0000ff; fill-opacity: 0.5; stroke: #0000ff; stroke-opacity: 0.5\"/>\n",
       "     <use xlink:href=\"#m0be3f6ebd8\" x=\"61.133748\" y=\"110.522412\" style=\"fill: #0000ff; fill-opacity: 0.5; stroke: #0000ff; stroke-opacity: 0.5\"/>\n",
       "     <use xlink:href=\"#m0be3f6ebd8\" x=\"90.279023\" y=\"130.746056\" style=\"fill: #0000ff; fill-opacity: 0.5; stroke: #0000ff; stroke-opacity: 0.5\"/>\n",
       "     <use xlink:href=\"#m0be3f6ebd8\" x=\"85.469188\" y=\"132.772078\" style=\"fill: #0000ff; fill-opacity: 0.5; stroke: #0000ff; stroke-opacity: 0.5\"/>\n",
       "     <use xlink:href=\"#m0be3f6ebd8\" x=\"143.308786\" y=\"141.109205\" style=\"fill: #0000ff; fill-opacity: 0.5; stroke: #0000ff; stroke-opacity: 0.5\"/>\n",
       "     <use xlink:href=\"#m0be3f6ebd8\" x=\"128.406616\" y=\"117.977578\" style=\"fill: #0000ff; fill-opacity: 0.5; stroke: #0000ff; stroke-opacity: 0.5\"/>\n",
       "     <use xlink:href=\"#m0be3f6ebd8\" x=\"121.312358\" y=\"97.033969\" style=\"fill: #0000ff; fill-opacity: 0.5; stroke: #0000ff; stroke-opacity: 0.5\"/>\n",
       "     <use xlink:href=\"#m0be3f6ebd8\" x=\"51.906046\" y=\"115.043851\" style=\"fill: #0000ff; fill-opacity: 0.5; stroke: #0000ff; stroke-opacity: 0.5\"/>\n",
       "     <use xlink:href=\"#m0be3f6ebd8\" x=\"90.177308\" y=\"146.558457\" style=\"fill: #0000ff; fill-opacity: 0.5; stroke: #0000ff; stroke-opacity: 0.5\"/>\n",
       "     <use xlink:href=\"#m0be3f6ebd8\" x=\"55.91983\" y=\"90.262237\" style=\"fill: #0000ff; fill-opacity: 0.5; stroke: #0000ff; stroke-opacity: 0.5\"/>\n",
       "     <use xlink:href=\"#m0be3f6ebd8\" x=\"126.982257\" y=\"118.976285\" style=\"fill: #0000ff; fill-opacity: 0.5; stroke: #0000ff; stroke-opacity: 0.5\"/>\n",
       "     <use xlink:href=\"#m0be3f6ebd8\" x=\"126.449338\" y=\"133.069441\" style=\"fill: #0000ff; fill-opacity: 0.5; stroke: #0000ff; stroke-opacity: 0.5\"/>\n",
       "     <use xlink:href=\"#m0be3f6ebd8\" x=\"180.25512\" y=\"110.859926\" style=\"fill: #0000ff; fill-opacity: 0.5; stroke: #0000ff; stroke-opacity: 0.5\"/>\n",
       "     <use xlink:href=\"#m0be3f6ebd8\" x=\"61.439087\" y=\"139.893019\" style=\"fill: #0000ff; fill-opacity: 0.5; stroke: #0000ff; stroke-opacity: 0.5\"/>\n",
       "     <use xlink:href=\"#m0be3f6ebd8\" x=\"129.174693\" y=\"125.235725\" style=\"fill: #0000ff; fill-opacity: 0.5; stroke: #0000ff; stroke-opacity: 0.5\"/>\n",
       "     <use xlink:href=\"#m0be3f6ebd8\" x=\"340.470871\" y=\"151.279907\" style=\"fill: #0000ff; fill-opacity: 0.5; stroke: #0000ff; stroke-opacity: 0.5\"/>\n",
       "     <use xlink:href=\"#m0be3f6ebd8\" x=\"108.848953\" y=\"112.965611\" style=\"fill: #0000ff; fill-opacity: 0.5; stroke: #0000ff; stroke-opacity: 0.5\"/>\n",
       "     <use xlink:href=\"#m0be3f6ebd8\" x=\"139.168859\" y=\"130.977428\" style=\"fill: #0000ff; fill-opacity: 0.5; stroke: #0000ff; stroke-opacity: 0.5\"/>\n",
       "     <use xlink:href=\"#m0be3f6ebd8\" x=\"6.696075\" y=\"127.804689\" style=\"fill: #0000ff; fill-opacity: 0.5; stroke: #0000ff; stroke-opacity: 0.5\"/>\n",
       "     <use xlink:href=\"#m0be3f6ebd8\" x=\"93.71117\" y=\"151.428849\" style=\"fill: #0000ff; fill-opacity: 0.5; stroke: #0000ff; stroke-opacity: 0.5\"/>\n",
       "     <use xlink:href=\"#m0be3f6ebd8\" x=\"68.804455\" y=\"95.958716\" style=\"fill: #0000ff; fill-opacity: 0.5; stroke: #0000ff; stroke-opacity: 0.5\"/>\n",
       "     <use xlink:href=\"#m0be3f6ebd8\" x=\"127.865862\" y=\"116.897515\" style=\"fill: #0000ff; fill-opacity: 0.5; stroke: #0000ff; stroke-opacity: 0.5\"/>\n",
       "     <use xlink:href=\"#m0be3f6ebd8\" x=\"341.607111\" y=\"193.981267\" style=\"fill: #0000ff; fill-opacity: 0.5; stroke: #0000ff; stroke-opacity: 0.5\"/>\n",
       "     <use xlink:href=\"#m0be3f6ebd8\" x=\"76.214528\" y=\"107.180587\" style=\"fill: #0000ff; fill-opacity: 0.5; stroke: #0000ff; stroke-opacity: 0.5\"/>\n",
       "     <use xlink:href=\"#m0be3f6ebd8\" x=\"58.76075\" y=\"110.021455\" style=\"fill: #0000ff; fill-opacity: 0.5; stroke: #0000ff; stroke-opacity: 0.5\"/>\n",
       "     <use xlink:href=\"#m0be3f6ebd8\" x=\"83.355032\" y=\"128.567804\" style=\"fill: #0000ff; fill-opacity: 0.5; stroke: #0000ff; stroke-opacity: 0.5\"/>\n",
       "     <use xlink:href=\"#m0be3f6ebd8\" x=\"99.526946\" y=\"118.376879\" style=\"fill: #0000ff; fill-opacity: 0.5; stroke: #0000ff; stroke-opacity: 0.5\"/>\n",
       "     <use xlink:href=\"#m0be3f6ebd8\" x=\"150.983464\" y=\"108.747855\" style=\"fill: #0000ff; fill-opacity: 0.5; stroke: #0000ff; stroke-opacity: 0.5\"/>\n",
       "     <use xlink:href=\"#m0be3f6ebd8\" x=\"53.481643\" y=\"118.159851\" style=\"fill: #0000ff; fill-opacity: 0.5; stroke: #0000ff; stroke-opacity: 0.5\"/>\n",
       "     <use xlink:href=\"#m0be3f6ebd8\" x=\"58.214778\" y=\"152.698325\" style=\"fill: #0000ff; fill-opacity: 0.5; stroke: #0000ff; stroke-opacity: 0.5\"/>\n",
       "     <use xlink:href=\"#m0be3f6ebd8\" x=\"87.976287\" y=\"121.235085\" style=\"fill: #0000ff; fill-opacity: 0.5; stroke: #0000ff; stroke-opacity: 0.5\"/>\n",
       "     <use xlink:href=\"#m0be3f6ebd8\" x=\"316.111978\" y=\"193.748223\" style=\"fill: #0000ff; fill-opacity: 0.5; stroke: #0000ff; stroke-opacity: 0.5\"/>\n",
       "     <use xlink:href=\"#m0be3f6ebd8\" x=\"67.625509\" y=\"125.774327\" style=\"fill: #0000ff; fill-opacity: 0.5; stroke: #0000ff; stroke-opacity: 0.5\"/>\n",
       "     <use xlink:href=\"#m0be3f6ebd8\" x=\"74.220922\" y=\"141.435102\" style=\"fill: #0000ff; fill-opacity: 0.5; stroke: #0000ff; stroke-opacity: 0.5\"/>\n",
       "     <use xlink:href=\"#m0be3f6ebd8\" x=\"105.715329\" y=\"121.918723\" style=\"fill: #0000ff; fill-opacity: 0.5; stroke: #0000ff; stroke-opacity: 0.5\"/>\n",
       "     <use xlink:href=\"#m0be3f6ebd8\" x=\"93.627449\" y=\"129.765666\" style=\"fill: #0000ff; fill-opacity: 0.5; stroke: #0000ff; stroke-opacity: 0.5\"/>\n",
       "     <use xlink:href=\"#m0be3f6ebd8\" x=\"62.693166\" y=\"127.846344\" style=\"fill: #0000ff; fill-opacity: 0.5; stroke: #0000ff; stroke-opacity: 0.5\"/>\n",
       "     <use xlink:href=\"#m0be3f6ebd8\" x=\"337.818747\" y=\"160.718782\" style=\"fill: #0000ff; fill-opacity: 0.5; stroke: #0000ff; stroke-opacity: 0.5\"/>\n",
       "     <use xlink:href=\"#m0be3f6ebd8\" x=\"115.506966\" y=\"143.346252\" style=\"fill: #0000ff; fill-opacity: 0.5; stroke: #0000ff; stroke-opacity: 0.5\"/>\n",
       "     <use xlink:href=\"#m0be3f6ebd8\" x=\"141.049751\" y=\"158.941471\" style=\"fill: #0000ff; fill-opacity: 0.5; stroke: #0000ff; stroke-opacity: 0.5\"/>\n",
       "     <use xlink:href=\"#m0be3f6ebd8\" x=\"360.899894\" y=\"162.193782\" style=\"fill: #0000ff; fill-opacity: 0.5; stroke: #0000ff; stroke-opacity: 0.5\"/>\n",
       "     <use xlink:href=\"#m0be3f6ebd8\" x=\"49.762358\" y=\"146.803448\" style=\"fill: #0000ff; fill-opacity: 0.5; stroke: #0000ff; stroke-opacity: 0.5\"/>\n",
       "     <use xlink:href=\"#m0be3f6ebd8\" x=\"65.687917\" y=\"75.595634\" style=\"fill: #0000ff; fill-opacity: 0.5; stroke: #0000ff; stroke-opacity: 0.5\"/>\n",
       "     <use xlink:href=\"#m0be3f6ebd8\" x=\"124.109591\" y=\"144.455064\" style=\"fill: #0000ff; fill-opacity: 0.5; stroke: #0000ff; stroke-opacity: 0.5\"/>\n",
       "     <use xlink:href=\"#m0be3f6ebd8\" x=\"129.707933\" y=\"116.955725\" style=\"fill: #0000ff; fill-opacity: 0.5; stroke: #0000ff; stroke-opacity: 0.5\"/>\n",
       "     <use xlink:href=\"#m0be3f6ebd8\" x=\"330.782097\" y=\"207.152146\" style=\"fill: #0000ff; fill-opacity: 0.5; stroke: #0000ff; stroke-opacity: 0.5\"/>\n",
       "     <use xlink:href=\"#m0be3f6ebd8\" x=\"95.333795\" y=\"83.408182\" style=\"fill: #0000ff; fill-opacity: 0.5; stroke: #0000ff; stroke-opacity: 0.5\"/>\n",
       "     <use xlink:href=\"#m0be3f6ebd8\" x=\"79.785275\" y=\"122.644091\" style=\"fill: #0000ff; fill-opacity: 0.5; stroke: #0000ff; stroke-opacity: 0.5\"/>\n",
       "     <use xlink:href=\"#m0be3f6ebd8\" x=\"351.675454\" y=\"127.733437\" style=\"fill: #0000ff; fill-opacity: 0.5; stroke: #0000ff; stroke-opacity: 0.5\"/>\n",
       "     <use xlink:href=\"#m0be3f6ebd8\" x=\"87.843097\" y=\"118.921845\" style=\"fill: #0000ff; fill-opacity: 0.5; stroke: #0000ff; stroke-opacity: 0.5\"/>\n",
       "     <use xlink:href=\"#m0be3f6ebd8\" x=\"281.233104\" y=\"192.136007\" style=\"fill: #0000ff; fill-opacity: 0.5; stroke: #0000ff; stroke-opacity: 0.5\"/>\n",
       "     <use xlink:href=\"#m0be3f6ebd8\" x=\"61.981075\" y=\"119.20801\" style=\"fill: #0000ff; fill-opacity: 0.5; stroke: #0000ff; stroke-opacity: 0.5\"/>\n",
       "     <use xlink:href=\"#m0be3f6ebd8\" x=\"61.098837\" y=\"104.076689\" style=\"fill: #0000ff; fill-opacity: 0.5; stroke: #0000ff; stroke-opacity: 0.5\"/>\n",
       "     <use xlink:href=\"#m0be3f6ebd8\" x=\"137.120047\" y=\"101.718137\" style=\"fill: #0000ff; fill-opacity: 0.5; stroke: #0000ff; stroke-opacity: 0.5\"/>\n",
       "     <use xlink:href=\"#m0be3f6ebd8\" x=\"70.807532\" y=\"110.859236\" style=\"fill: #0000ff; fill-opacity: 0.5; stroke: #0000ff; stroke-opacity: 0.5\"/>\n",
       "     <use xlink:href=\"#m0be3f6ebd8\" x=\"63.436066\" y=\"111.113896\" style=\"fill: #0000ff; fill-opacity: 0.5; stroke: #0000ff; stroke-opacity: 0.5\"/>\n",
       "     <use xlink:href=\"#m0be3f6ebd8\" x=\"140.292313\" y=\"95.296157\" style=\"fill: #0000ff; fill-opacity: 0.5; stroke: #0000ff; stroke-opacity: 0.5\"/>\n",
       "     <use xlink:href=\"#m0be3f6ebd8\" x=\"149.191532\" y=\"115.836409\" style=\"fill: #0000ff; fill-opacity: 0.5; stroke: #0000ff; stroke-opacity: 0.5\"/>\n",
       "     <use xlink:href=\"#m0be3f6ebd8\" x=\"101.639673\" y=\"136.46859\" style=\"fill: #0000ff; fill-opacity: 0.5; stroke: #0000ff; stroke-opacity: 0.5\"/>\n",
       "     <use xlink:href=\"#m0be3f6ebd8\" x=\"124.82316\" y=\"147.205381\" style=\"fill: #0000ff; fill-opacity: 0.5; stroke: #0000ff; stroke-opacity: 0.5\"/>\n",
       "     <use xlink:href=\"#m0be3f6ebd8\" x=\"110.444815\" y=\"141.465588\" style=\"fill: #0000ff; fill-opacity: 0.5; stroke: #0000ff; stroke-opacity: 0.5\"/>\n",
       "     <use xlink:href=\"#m0be3f6ebd8\" x=\"137.774184\" y=\"106.379609\" style=\"fill: #0000ff; fill-opacity: 0.5; stroke: #0000ff; stroke-opacity: 0.5\"/>\n",
       "     <use xlink:href=\"#m0be3f6ebd8\" x=\"80.320975\" y=\"131.21065\" style=\"fill: #0000ff; fill-opacity: 0.5; stroke: #0000ff; stroke-opacity: 0.5\"/>\n",
       "     <use xlink:href=\"#m0be3f6ebd8\" x=\"65.728053\" y=\"137.845469\" style=\"fill: #0000ff; fill-opacity: 0.5; stroke: #0000ff; stroke-opacity: 0.5\"/>\n",
       "     <use xlink:href=\"#m0be3f6ebd8\" x=\"138.211666\" y=\"126.808909\" style=\"fill: #0000ff; fill-opacity: 0.5; stroke: #0000ff; stroke-opacity: 0.5\"/>\n",
       "     <use xlink:href=\"#m0be3f6ebd8\" x=\"127.062093\" y=\"141.718173\" style=\"fill: #0000ff; fill-opacity: 0.5; stroke: #0000ff; stroke-opacity: 0.5\"/>\n",
       "     <use xlink:href=\"#m0be3f6ebd8\" x=\"140.638423\" y=\"112.182448\" style=\"fill: #0000ff; fill-opacity: 0.5; stroke: #0000ff; stroke-opacity: 0.5\"/>\n",
       "     <use xlink:href=\"#m0be3f6ebd8\" x=\"88.824209\" y=\"121.825322\" style=\"fill: #0000ff; fill-opacity: 0.5; stroke: #0000ff; stroke-opacity: 0.5\"/>\n",
       "     <use xlink:href=\"#m0be3f6ebd8\" x=\"41.811081\" y=\"154.218887\" style=\"fill: #0000ff; fill-opacity: 0.5; stroke: #0000ff; stroke-opacity: 0.5\"/>\n",
       "     <use xlink:href=\"#m0be3f6ebd8\" x=\"122.471302\" y=\"103.17124\" style=\"fill: #0000ff; fill-opacity: 0.5; stroke: #0000ff; stroke-opacity: 0.5\"/>\n",
       "     <use xlink:href=\"#m0be3f6ebd8\" x=\"118.935839\" y=\"164.673382\" style=\"fill: #0000ff; fill-opacity: 0.5; stroke: #0000ff; stroke-opacity: 0.5\"/>\n",
       "     <use xlink:href=\"#m0be3f6ebd8\" x=\"76.655652\" y=\"123.322377\" style=\"fill: #0000ff; fill-opacity: 0.5; stroke: #0000ff; stroke-opacity: 0.5\"/>\n",
       "     <use xlink:href=\"#m0be3f6ebd8\" x=\"174.358489\" y=\"130.106983\" style=\"fill: #0000ff; fill-opacity: 0.5; stroke: #0000ff; stroke-opacity: 0.5\"/>\n",
       "     <use xlink:href=\"#m0be3f6ebd8\" x=\"53.587397\" y=\"151.352501\" style=\"fill: #0000ff; fill-opacity: 0.5; stroke: #0000ff; stroke-opacity: 0.5\"/>\n",
       "     <use xlink:href=\"#m0be3f6ebd8\" x=\"67.692471\" y=\"136.286905\" style=\"fill: #0000ff; fill-opacity: 0.5; stroke: #0000ff; stroke-opacity: 0.5\"/>\n",
