{
 "cells": [
  {
   "cell_type": "markdown",
   "id": "29ad53e3",
   "metadata": {},
   "source": [
    "In this notebook, I describe how DRAG coefficients can be obtained.\n",
    "\n",
    "### References\n",
    "\n",
    "[1]: Li, Z., Liu, P., Zhao, P. *et al.* Error per single-qubit gate below 10−4 in a superconducting qubit. *npj Quantum Inf* **9**, 111 (2023). [https://doi.org/10.1038/s41534-023-00781-x](https://doi.org/10.1038/s41534-023-00781-x).\n",
    "\n",
    "[2]: Z. Chen *et al.* Measuring and Suppressing Quantum State Leakage in a Superconducting Qubit. *Phys. Rev. Lett.* **116**, 020501 (2016) [https://doi.org/10.1103/PhysRevLett.116.020501](https://doi.org/10.1103/PhysRevLett.116.020501). "
   ]
  },
  {
   "cell_type": "markdown",
   "id": "f16a607a",
   "metadata": {},
   "source": [
    "## Dependencies"
   ]
  },
  {
   "cell_type": "code",
   "execution_count": 2,
   "id": "b94f2309",
   "metadata": {},
   "outputs": [],
   "source": [
    "%config InlineBackend.figure_formats = ['svg']\n",
    "\n",
    "import os\n",
    "os.chdir('/Users/ngdnhtien/Codespace/PulsatingPulseShop/')\n",
    "\n",
    "# Necessary dependencies\n",
    "\n",
    "# qiskit\n",
    "from qiskit import pulse\n",
    "from qiskit.circuit import Parameter\n",
    "from qiskit.circuit import QuantumCircuit, Gate\n",
    "from qiskit_ibm_provider import IBMProvider\n",
    "\n",
    "# qutritium\n",
    "from utility import *\n",
    "from constant import *\n",
    "\n",
    "# numerical\n",
    "import numpy as np\n",
    "from scipy.optimize import curve_fit\n",
    "import pickle \n",
    "\n",
    "# plot\n",
    "from matplotlib.ticker import MultipleLocator\n",
    "\n",
    "plt.rcParams['axes.linewidth'] = 1.25"
   ]
  },
  {
   "cell_type": "markdown",
   "id": "4a13fcfd",
   "metadata": {},
   "source": [
    "## Derivative Removal of Adiabaticity Gates\n",
    "\n",
    "[1]: Sheldon *et al.* Characterizing errors on qubit operations via iterative randomized benchmarking. *Phys. Rev. A* **93**, 012301. [https://doi.org/10.1103/PhysRevA.93.012301](https://doi.org/10.1103/PhysRevA.93.012301).\n",
    "\n",
    "Transmon systems are, theoretically, weakly anharmonic oscillators with extra dimensions whose presence is unfavorred in the context of quantum computing. They can cause leakage (real transitions) or phase error (virtual transitions) on the computational subspace. To remove leakage, Derivative Removal of Adiabatic Gate (DRAG) technique is employed. **Try running simulations to see the effect of DRAG.**\n",
    "\n",
    "The weak anharmonictity of transmons, $\\Delta$, limits the control pulses' length. Because the coherent time of transmon qubits is finite, Heisenberg principle dictates that the pulse should not be proportionally shorter than the inverse of anharmonicity, $1/\\Delta$. **We should run some experiments to confirm this.** Longer pulses are limited by the generic coherent time of the qubits themselves. \n",
    "\n",
    "Repetitive interleaved randomized benchmarking means: repeating a target Clifford $n$ times between the random Clifford gates and measuring the fidelity as a function of $n$ repetitions. Two cases might arise\n",
    "\n",
    "- If the gate errors are non-unitary, then the fidelity will only depend on the total length of the interleaved segment, and the resulting error per segment will thus be *linear* with $n$.\n",
    "- If there are unitary errors of an over-/underrotation type, they will add coherently with $n$, and the fidelity decay will be *quadratic* to leading order."
   ]
  },
  {
   "cell_type": "code",
   "execution_count": 3,
   "id": "df072299",
   "metadata": {},
   "outputs": [
    {
     "name": "stdout",
     "output_type": "stream",
     "text": [
      "[<IBMBackend('simulator_extended_stabilizer')>, <IBMBackend('simulator_mps')>, <IBMBackend('simulator_statevector')>, <IBMBackend('simulator_stabilizer')>, <IBMBackend('ibm_brisbane')>, <IBMBackend('ibm_kyoto')>, <IBMBackend('ibm_osaka')>, <IBMBackend('ibmq_qasm_simulator')>]\n"
     ]
    }
   ],
   "source": [
    "provider = IBMProvider()\n",
    "print(provider.backends())"
   ]
  },
  {
   "cell_type": "code",
   "execution_count": 4,
   "id": "4ea1c925",
   "metadata": {},
   "outputs": [],
   "source": [
    "backend = provider.get_backend('ibm_brisbane')\n",
    "\n",
    "backend_config = backend.configuration()\n",
    "backend_defaults = backend.defaults()\n",
    "backend_properties = backend.properties()\n",
    "dt = backend_config.dt\n",
    "\n",
    "qubit = 109\n",
    "cbit = 0\n",
    "num_qubits = int(qubit+1)\n",
    "num_cbits = 1\n",
    "weight = 1"
   ]
  },
  {
   "cell_type": "code",
   "execution_count": 5,
   "id": "4a8aa3c1",
   "metadata": {},
   "outputs": [],
   "source": [
    "qubit_01_freq = backend_defaults.qubit_freq_est[qubit]\n",
    "qubit_anharmonicty = backend_properties.qubits[qubit][3].value*GHz\n",
    "qubit_12_freq = qubit_01_freq + qubit_anharmonicty\n",
    "\n",
    "p12_amp = 0.22289722723304814"
   ]
  },
  {
   "cell_type": "code",
   "execution_count": 6,
   "id": "bd3eb99f",
   "metadata": {},
   "outputs": [],
   "source": [
    "with pulse.build(backend=backend) as hp12_sched:\n",
    "    drive_chan = pulse.drive_channel(qubit)\n",
    "    pulse.set_frequency(qubit_12_freq, drive_chan)\n",
    "    pulse.play(pulse.Drag(duration=96, amp=p12_amp/2, sigma=24, beta=-0.4, name='hp12'), drive_chan)\n",
    "    \n",
    "hp12_gate = Gate(r'X_{\\pi/2}^{(12)}', weight, [])\n",
    "    \n",
    "with pulse.build(backend=backend) as p12_sched:\n",
    "    drive_chan = qiskit.pulse.drive_channel(qubit)\n",
    "    pulse.set_frequency(qubit_12_freq, drive_chan)\n",
    "    pulse.play(pulse.Drag(duration=96, amp=p12_amp, sigma=24, beta=-0.4, name='p12'), drive_chan)\n",
    "\n",
    "p12_gate = Gate(r'X_{\\pi}^{(12)}', weight, [])"
   ]
  },
  {
   "cell_type": "code",
   "execution_count": 63,
   "id": "a0a933d2",
   "metadata": {},
   "outputs": [],
   "source": [
    "with pulse.build(backend=backend) as delay_10us:\n",
    "    drive_chan = pulse.drive_channel(qubit)\n",
    "    pulse.delay(20000, drive_chan)\n",
    "    \n",
    "delay_5us = Gate('Delay 5us', weight, [])\n",
    "delay_10us = Gate('Delay 5us', weight, [])"
   ]
  },
  {
   "cell_type": "markdown",
   "id": "cad02acc",
   "metadata": {},
   "source": [
    "## Discriminator"
   ]
  },
  {
   "cell_type": "code",
   "execution_count": 8,
   "id": "d521a795",
   "metadata": {},
   "outputs": [],
   "source": [
    "ground_circ = QuantumCircuit(num_qubits, num_cbits)\n",
    "ground_circ.append(delay_10us, [qubit])\n",
    "ground_circ.measure(qubit, cbit)\n",
    "ground_circ.add_calibration(delay_gate, [qubit], delay_sched)\n",
    "\n",
    "first_excited_state_circ = QuantumCircuit(num_qubits, num_cbits)\n",
    "first_excited_state_circ.append(delay_10us, [qubit])\n",
    "first_excited_state_circ.x(qubit)\n",
    "first_excited_state_circ.measure(qubit, cbit)\n",
    "first_excited_state_circ.add_calibration(delay_gate, [qubit], delay_sched)\n",
    "\n",
    "second_excited_state_circ = QuantumCircuit(num_qubits, num_cbits)\n",
    "second_excited_state_circ.append(delay_gate, [qubit])\n",
    "second_excited_state_circ.x(qubit)\n",
    "second_excited_state_circ.append(p12_gate, [qubit])\n",
    "second_excited_state_circ.measure(qubit, cbit)\n",
    "second_excited_state_circ.add_calibration(p12_gate, [qubit], p12_sched)\n",
    "second_excited_state_circ.add_calibration(delay_gate, [qubit], delay_sched)\n",
    "\n",
    "discrim_circs = qiskit.transpile([ground_circ, first_excited_state_circ, second_excited_state_circ], backend=backend)"
   ]
  },
  {
   "cell_type": "markdown",
   "id": "a43a0f76",
   "metadata": {},
   "source": [
    "## DRAG circuit"
   ]
  },
  {
   "cell_type": "code",
   "execution_count": 9,
   "id": "ab5db1a2",
   "metadata": {},
   "outputs": [],
   "source": [
    "betas = np.linspace(-3.0, 0.0, 100)\n",
    "drag12_sweep_gate = Gate('Drag Sweep Gate', weight, [])\n",
    "number_of_repetition = [5, 7, 9, 11]\n",
    "\n",
    "rough_drag12_circs = []\n",
    "\n",
    "for rep in number_of_repetition: \n",
    "    for beta in betas:\n",
    "        rough_drag12_circ = QuantumCircuit(num_qubits, num_cbits) # create the circuit\n",
    "        rough_drag12_circ.append(delay_gate, [qubit])\n",
    "        rough_drag12_circ.x(qubit) # bring the qubit to |1>\n",
    "            \n",
    "        # R(theta) concatenates R(-theta) => identity \n",
    "        with pulse.build(backend=backend) as drag12s:\n",
    "            drive_chan = pulse.drive_channel(qubit)\n",
    "            pulse.set_frequency(qubit_12_freq, drive_chan)\n",
    "            pulse.play(pulse.Drag(duration=96, amp=+1*p12_amp, sigma=24, beta=beta), drive_chan)\n",
    "            pulse.play(pulse.Drag(duration=96, amp=-1*p12_amp, sigma=24, beta=beta), drive_chan)\n",
    "        \n",
    "        for r in range(rep):\n",
    "            rough_drag12_circ.append(drag12_sweep_gate, [qubit])\n",
    "            \n",
    "        rough_drag12_circ.add_calibration(drag12_sweep_gate, [qubit], drag12s)\n",
    "        rough_drag12_circ.add_calibration(delay_gate, [qubit], delay_sched)\n",
    "        rough_drag12_circ.measure(qubit, cbit)\n",
    "        \n",
    "        rough_drag12_circs.append(rough_drag12_circ)\n",
    "        \n",
    "rough_drag12_circs = qiskit.transpile(rough_drag12_circs, backend=backend)"
   ]
  },
  {
   "cell_type": "code",
   "execution_count": 10,
   "id": "fec24894",
   "metadata": {},
   "outputs": [],
   "source": [
    "circs = discrim_circs + rough_drag12_circs"
   ]
  },
  {
   "cell_type": "code",
   "execution_count": 11,
   "id": "c97d36af",
   "metadata": {},
   "outputs": [
    {
     "data": {
      "text/plain": [
       "403"
      ]
     },
     "execution_count": 11,
     "metadata": {},
     "output_type": "execute_result"
    }
   ],
   "source": [
    "len(circs)"
   ]
  },
  {
   "cell_type": "code",
   "execution_count": 12,
   "id": "ddfa66b8",
   "metadata": {},
   "outputs": [],
   "source": [
    "drag12_exp = backend.run(circs, meas_level=1, meas_return='single', shots=4098)"
   ]
  },
  {
   "cell_type": "code",
   "execution_count": 13,
   "id": "787e35fb",
   "metadata": {},
   "outputs": [
    {
     "name": "stdout",
     "output_type": "stream",
     "text": [
      "cp0jmgtja3gg0085mk9g\n"
     ]
    }
   ],
   "source": [
    "print(drag12_exp.job_id())"
   ]
  },
  {
   "cell_type": "code",
   "execution_count": 33,
   "id": "d19ea223",
   "metadata": {},
   "outputs": [
    {
     "name": "stdout",
     "output_type": "stream",
     "text": [
      "JobStatus.DONE\n"
     ]
    }
   ],
   "source": [
    "print(drag12_exp.status())"
   ]
  },
  {
   "cell_type": "code",
   "execution_count": 34,
   "id": "daaedc44",
   "metadata": {},
   "outputs": [],
   "source": [
    "drag12_exp = provider.backend.retrieve_job('cp0jmgtja3gg0085mk9g')"
   ]
  },
  {
   "cell_type": "code",
   "execution_count": 35,
   "id": "b14ec0a9",
   "metadata": {},
   "outputs": [],
   "source": [
    "drag12_data = DataAnalysis(experiment=drag12_exp, average=False, shots=4098, qubit=0)\n",
    "drag12_data.retrieve_data(average=False)\n",
    "drag12_data.build_discrim()\n",
    "drag12_data.count_pop()\n",
    "drag12_data.error_mitiq()"
   ]
  },
  {
   "cell_type": "code",
   "execution_count": 60,
   "id": "1ed24603",
   "metadata": {},
   "outputs": [
    {
     "data": {
      "text/plain": [
       "[[0.929477794045876, 0.017569546120058566, 0.0529526598340654],\n",
       " [0.020741825280624696, 0.890190336749634, 0.08906783796974134],\n",
       " [0.019765739385065886, 0.11883845778428502, 0.8613958028306491],\n",
       " [0.02855051244509517, 0.23865300146412885, 0.732796486090776],\n",
       " [0.02855051244509517, 0.21620302586627624, 0.7552464616886286],\n",
       " [0.024890190336749635, 0.23865300146412885, 0.7364568081991215],\n",
       " [0.024158125915080528, 0.2220595412396291, 0.7537823328452904],\n",
       " [0.02342606149341142, 0.23865300146412885, 0.7379209370424598],\n",
       " [0.026110297706198146, 0.23865300146412885, 0.735236700829673],\n",
       " [0.027086383601756955, 0.24841386041971694, 0.7244997559785261],\n",
       " [0.027330405075646658, 0.24182528062469497, 0.7308443142996583],\n",
       " [0.02537823328452904, 0.25231820400195215, 0.7223035627135188],\n",
       " [0.027330405075646658, 0.25012201073694484, 0.7225475841874085],\n",
       " [0.025134211810639337, 0.26037091264031237, 0.7144948755490483],\n",
       " [0.029038555392874574, 0.2571986334797462, 0.7137628111273792],\n",
       " [0.027086383601756955, 0.2567105905319668, 0.7162030258662763],\n",
       " [0.024646168862859932, 0.2708638360175695, 0.7044899951195706],\n",
       " [0.026110297706198146, 0.26842362127867253, 0.7054660810151293],\n",
       " [0.023670082967301123, 0.28233284529038555, 0.6939970717423133],\n",
       " [0.02659834065397755, 0.27159590043923865, 0.7018057589067838],\n",
       " [0.02562225475841874, 0.29160566129819426, 0.6827720839433871],\n",
       " [0.026110297706198146, 0.29160566129819426, 0.6822840409956076],\n",
       " [0.026842362127867253, 0.2891654465592972, 0.6839921913128355],\n",
       " [0.027330405075646658, 0.3096632503660322, 0.6630063445583211],\n",
       " [0.02318204001952172, 0.3103953147877013, 0.6664226451927769],\n",
       " [0.02659834065397755, 0.33064909712054663, 0.6427525622254758],\n",
       " [0.024646168862859932, 0.32747681795998046, 0.6478770131771596],\n",
       " [0.024646168862859932, 0.3296730112249878, 0.6456808199121523],\n",
       " [0.021961932650073207, 0.3518789653489507, 0.6261591020009761],\n",
       " [0.033430941922889215, 0.3723767691556857, 0.5941922889214251],\n",
       " [0.027086383601756955, 0.34895070766227426, 0.6239629087359687],\n",
       " [0.025134211810639337, 0.3762811127379209, 0.5985846754514397],\n",
       " [0.024890190336749635, 0.36578818936066376, 0.6093216203025866],\n",
       " [0.023670082967301123, 0.3923865300146413, 0.5839433870180576],\n",
       " [0.02855051244509517, 0.38628599316739876, 0.5851634943875061],\n",
       " [0.026110297706198146, 0.41020009760858955, 0.5636896046852123],\n",
       " [0.02342606149341142, 0.4050756466569058, 0.5714982918496828],\n",
       " [0.02440214738897023, 0.40702781844802344, 0.5685700341630063],\n",
       " [0.027330405075646658, 0.4243533430941923, 0.5483162518301611],\n",
       " [0.02025378233284529, 0.4536359199609566, 0.5261102977061981],\n",
       " [0.021717911176183505, 0.4492435334309419, 0.5290385553928746],\n",
       " [0.022938018545632016, 0.468033186920449, 0.509028794533919],\n",
       " [0.02537823328452904, 0.47120546608101516, 0.5034163006344559],\n",
       " [0.026842362127867253, 0.47999023914104444, 0.49316739873108834],\n",
       " [0.02855051244509517, 0.4880429477794046, 0.48340653977550024],\n",
       " [0.021961932650073207, 0.5117130307467057, 0.4663250366032211],\n",
       " [0.027086383601756955, 0.5251342118106394, 0.44777940458760374],\n",
       " [0.02635431918008785, 0.5231820400195217, 0.4504636408003904],\n",
       " [0.022693997071742314, 0.5466081015129332, 0.43069790141532455],\n",
       " [0.0212298682284041, 0.5488042947779405, 0.4299658369936554],\n",
       " [0.02318204001952172, 0.5610053684724255, 0.4158125915080527],\n",
       " [0.021473889702293802, 0.5590531966813079, 0.41947291361639827],\n",
       " [0.024158125915080528, 0.5722303562713519, 0.4036115178135676],\n",
       " [0.025134211810639337, 0.582723279648609, 0.3921425085407516],\n",
       " [0.022938018545632016, 0.6002928257686676, 0.37676915568570035],\n",
       " [0.022938018545632016, 0.6024890190336749, 0.37457296242069305],\n",
       " [0.02244997559785261, 0.6295754026354319, 0.34797462176671545],\n",
       " [0.025134211810639337, 0.6354319180087847, 0.3394338701805759],\n",
       " [0.02000976085895559, 0.6395802830649097, 0.3404099560761347],\n",
       " [0.02635431918008785, 0.6473889702293801, 0.32625671059053196],\n",
       " [0.019521717911176184, 0.6549536359199609, 0.32552464616886284],\n",
       " [0.019277696437286482, 0.6739873108833577, 0.3067349926793558],\n",
       " [0.019521717911176184, 0.6847242557345047, 0.2957540263543192],\n",
       " [0.018545632015617375, 0.6964372864812104, 0.2850170815031723],\n",
       " [0.02562225475841874, 0.7018057589067838, 0.27257198633479746],\n",
       " [0.017569546120058566, 0.7274280136652025, 0.2550024402147389],\n",
       " [0.021961932650073207, 0.7244997559785261, 0.2535383113714007],\n",
       " [0.019765739385065886, 0.7391410444119082, 0.24109321620302587],\n",
       " [0.018545632015617375, 0.7501220107369448, 0.23133235724743778],\n",
       " [0.019521717911176184, 0.7513421181063934, 0.22913616398243045],\n",
       " [0.02440214738897023, 0.7525622254758418, 0.2230356271351879],\n",
       " [0.0212298682284041, 0.758174719375305, 0.22059541239629088],\n",
       " [0.023670082967301123, 0.7784285017081504, 0.19790141532454855],\n",
       " [0.021473889702293802, 0.7864812103465105, 0.1920448999511957],\n",
       " [0.024158125915080528, 0.783552952659834, 0.1922889214250854],\n",
       " [0.023670082967301123, 0.7962420693020986, 0.1800878477306003],\n",
       " [0.02025378233284529, 0.7945339189848707, 0.18521229868228403],\n",
       " [0.0212298682284041, 0.7984382625671059, 0.18033186920449],\n",
       " [0.02025378233284529, 0.8116154221571499, 0.16813079551000487],\n",
       " [0.020985846754514398, 0.8191800878477306, 0.159834065397755],\n",
       " [0.02342606149341142, 0.8174719375305027, 0.1591020009760859],\n",
       " [0.02025378233284529, 0.826988775012201, 0.15275744265495364],\n",
       " [0.022938018545632016, 0.8347974621766715, 0.14226451927769643],\n",
       " [0.020741825280624696, 0.8389458272327965, 0.1403123474865788],\n",
       " [0.019765739385065886, 0.8365056124938994, 0.14372864812103464],\n",
       " [0.02342606149341142, 0.8389458272327965, 0.1376281112737921],\n",
       " [0.024890190336749635, 0.837725719863348, 0.13738408979990238],\n",
       " [0.02220595412396291, 0.8421181063933626, 0.13567593948267448],\n",
       " [0.023670082967301123, 0.8391898487066862, 0.1371400683260127],\n",
       " [0.02440214738897023, 0.8406539775500244, 0.13494387506100536],\n",
       " [0.021473889702293802, 0.8513909224011713, 0.12713518789653488],\n",
       " [0.02318204001952172, 0.8399219131283553, 0.13689604685212298],\n",
       " [0.023914104441190825, 0.837725719863348, 0.1383601756954612],\n",
       " [0.020985846754514398, 0.8365056124938994, 0.14250854075158614],\n",
       " [0.021473889702293802, 0.8340653977550024, 0.14446071254270376],\n",
       " [0.020985846754514398, 0.8418740849194729, 0.1371400683260127],\n",
       " [0.01708150317227916, 0.8418740849194729, 0.14104441190824793],\n",
       " [0.017325524646168863, 0.8279648609077599, 0.15470961444607126],\n",
       " [0.017813567593948268, 0.8260126891166423, 0.15617374328940947],\n",
       " [0.028062469497315765, 0.8240605173255247, 0.1478770131771596],\n",
       " [0.020741825280624696, 0.8135675939482675, 0.16569058077110785],\n",
       " [0.02318204001952172, 0.8064909712054661, 0.1703269887750122],\n",
       " [0.020741825280624696, 0.7986822840409956, 0.1805758906783797],\n",
       " [0.015129331381161543, 0.30063445583211323, 0.6842362127867252],\n",
       " [0.023914104441190825, 0.3421181063933626, 0.6339677891654466],\n",
       " [0.028306490971205467, 0.3225963884821864, 0.6490971205466081],\n",
       " [0.025866276232308444, 0.3150317227916057, 0.6591020009760858],\n",
       " [0.02562225475841874, 0.296730112249878, 0.6776476329917033],\n",
       " [0.02440214738897023, 0.27891654465592974, 0.6966813079551001],\n",
       " [0.024646168862859932, 0.2862371888726208, 0.6891166422645193],\n",
       " [0.022938018545632016, 0.2764763299170327, 0.7005856515373353],\n",
       " [0.02562225475841874, 0.2552464616886286, 0.7191312835529526],\n",
       " [0.02562225475841874, 0.255734504636408, 0.7186432406051733],\n",
       " [0.027086383601756955, 0.26720351390922403, 0.705710102489019],\n",
       " [0.030258662762323085, 0.24914592484138604, 0.7205954123962909],\n",
       " [0.025866276232308444, 0.23670082967301123, 0.7374328940946804],\n",
       " [0.02757442654953636, 0.24792581747193754, 0.7244997559785261],\n",
       " [0.025134211810639337, 0.2337725719863348, 0.7410932162030258],\n",
       " [0.028306490971205467, 0.23645680819912152, 0.735236700829673],\n",
       " [0.028062469497315765, 0.25012201073694484, 0.7218155197657394],\n",
       " [0.02635431918008785, 0.23670082967301123, 0.7369448511469009],\n",
       " [0.026842362127867253, 0.2220595412396291, 0.7510980966325037],\n",
       " [0.024646168862859932, 0.2323084431429966, 0.7430453879941434],\n",
       " [0.02757442654953636, 0.223767691556857, 0.7486578818936066],\n",
       " [0.03074670571010249, 0.22889214250854076, 0.7403611517813568],\n",
       " [0.03367496339677892, 0.2345046364080039, 0.7318204001952172],\n",
       " [0.021473889702293802, 0.22742801366520254, 0.7510980966325037],\n",
       " [0.027086383601756955, 0.21986334797462176, 0.7530502684236213],\n",
       " [0.024646168862859932, 0.2447535383113714, 0.7306002928257687],\n",
       " [0.02757442654953636, 0.22498779892630552, 0.7474377745241582],\n",
       " [0.02220595412396291, 0.246705710102489, 0.731088335773548],\n",
       " [0.027330405075646658, 0.24963396778916544, 0.7230356271351879],\n",
       " [0.022938018545632016, 0.2515861395802831, 0.7254758418740849],\n",
       " [0.025866276232308444, 0.25134211810639334, 0.7227916056612982],\n",
       " [0.025134211810639337, 0.2579306979014153, 0.7169350902879453],\n",
       " [0.02025378233284529, 0.26061493411420206, 0.7191312835529526],\n",
       " [0.029282576866764276, 0.27281600780868714, 0.6979014153245485],\n",
       " [0.027330405075646658, 0.27110785749145927, 0.7015617374328941],\n",
       " [0.02220595412396291, 0.28965348950707664, 0.6881405563689604],\n",
       " [0.0314787701317716, 0.29526598340653976, 0.6732552464616887],\n",
       " [0.027086383601756955, 0.3062469497315764, 0.6666666666666666],\n",
       " [0.02220595412396291, 0.30234260614934116, 0.675451439726696],\n",
       " [0.02537823328452904, 0.3182040019521718, 0.6564177647632992],\n",
       " [0.021473889702293802, 0.33504148365056124, 0.6434846266471449],\n",
       " [0.02855051244509517, 0.3367496339677892, 0.6346998535871157],\n",
       " [0.025866276232308444, 0.33455344070278187, 0.6395802830649097],\n",
       " [0.027330405075646658, 0.3601756954612006, 0.6124938994631528],\n",
       " [0.021473889702293802, 0.3618838457784285, 0.6166422645192777],\n",
       " [0.021473889702293802, 0.3775012201073695, 0.6010248901903368],\n",
       " [0.023914104441190825, 0.40580771107857494, 0.5702781844802343],\n",
       " [0.018789653489507077, 0.4116642264519278, 0.5695461200585652],\n",
       " [0.024646168862859932, 0.43069790141532455, 0.5446559297218155],\n",
       " [0.029038555392874574, 0.4236212786725232, 0.5473401659346022],\n",
       " [0.025134211810639337, 0.43045387994143486, 0.5444119082479258],\n",
       " [0.020741825280624696, 0.45290385553928747, 0.5263543191800878],\n",
       " [0.02220595412396291, 0.4804782820888238, 0.49731576378721326],\n",
       " [0.022693997071742314, 0.4880429477794046, 0.4892630551488531],\n",
       " [0.02440214738897023, 0.49536359199609564, 0.4802342606149341],\n",
       " [0.02244997559785261, 0.5119570522205954, 0.465592972181552],\n",
       " [0.024158125915080528, 0.5244021473889702, 0.45143972669594923],\n",
       " [0.021717911176183505, 0.5480722303562714, 0.43020985846754517],\n",
       " [0.024646168862859932, 0.5539287457296243, 0.4214250854075159],\n",
       " [0.023670082967301123, 0.5592972181551976, 0.4170326988775012],\n",
       " [0.022938018545632016, 0.5851634943875061, 0.39189848706686187],\n",
       " [0.020985846754514398, 0.5971205466081015, 0.3818936066373841],\n",
       " [0.02537823328452904, 0.6151781356759395, 0.3594436310395315],\n",
       " [0.02757442654953636, 0.6246949731576379, 0.34773060029282576],\n",
       " [0.024646168862859932, 0.6495851634943876, 0.3257686676427526],\n",
       " [0.024646168862859932, 0.659834065397755, 0.31551976573938506],\n",
       " [0.02318204001952172, 0.6695949243533431, 0.3072230356271352],\n",
       " [0.021473889702293802, 0.6791117618350415, 0.29941434846266474],\n",
       " [0.024890190336749635, 0.6939970717423133, 0.28111273792093705],\n",
       " [0.022693997071742314, 0.7135187896534895, 0.2637872132747682],\n",
       " [0.02220595412396291, 0.7208394338701806, 0.2569546120058565],\n",
       " [0.024646168862859932, 0.7225475841874085, 0.2528062469497316],\n",
       " [0.02244997559785261, 0.7367008296730112, 0.24084919472913616],\n",
       " [0.024890190336749635, 0.7525622254758418, 0.2225475841874085],\n",
       " [0.02000976085895559, 0.7674475353831137, 0.2125427037579307],\n",
       " [0.02244997559785261, 0.7618350414836506, 0.21571498291849683],\n",
       " [0.018789653489507077, 0.7935578330893118, 0.18765251342118106],\n",
       " [0.019765739385065886, 0.7916056612981942, 0.18862859931673986],\n",
       " [0.0212298682284041, 0.7994143484626647, 0.17935578330893118],\n",
       " [0.021473889702293802, 0.8011224987798926, 0.17740361151781356],\n",
       " [0.023670082967301123, 0.8084431429965837, 0.16788677403611518],\n",
       " [0.02244997559785261, 0.8225963884821864, 0.15495363591996095],\n",
       " [0.020985846754514398, 0.8140556368960469, 0.16495851634943876],\n",
       " [0.022938018545632016, 0.8321132259638848, 0.14494875549048317],\n",
       " [0.0212298682284041, 0.8225963884821864, 0.15617374328940947],\n",
       " [0.024646168862859932, 0.8301610541727672, 0.14519277696437285],\n",
       " [0.0212298682284041, 0.8308931185944363, 0.1478770131771596],\n",
       " [0.021717911176183505, 0.8208882381649585, 0.15739385065885797],\n",
       " [0.019765739385065886, 0.8189360663738409, 0.1612981942410932],\n",
       " [0.02440214738897023, 0.8174719375305027, 0.1581259150805271],\n",
       " [0.02000976085895559, 0.8243045387994143, 0.15568570034163007],\n",
       " [0.024890190336749635, 0.810639336261591, 0.16447047340165935],\n",
       " [0.025866276232308444, 0.8138116154221572, 0.1603221083455344],\n",
       " [0.020985846754514398, 0.8079551000488043, 0.1710590531966813],\n",
       " [0.020985846754514398, 0.8047828208882382, 0.17423133235724744],\n",
       " [0.025134211810639337, 0.7964860907759883, 0.17837969741337237],\n",
       " [0.02318204001952172, 0.780380673499268, 0.19643728648121034],\n",
       " [0.021961932650073207, 0.7825768667642753, 0.19546120058565153],\n",
       " [0.020741825280624696, 0.7664714494875549, 0.2127867252318204],\n",
       " [0.027818448023426062, 0.7447535383113714, 0.22742801366520254],\n",
       " [0.026110297706198146, 0.6727672035139092, 0.3011224987798926],\n",
       " [0.022693997071742314, 0.6447047340165935, 0.33260126891166425],\n",
       " [0.02537823328452904, 0.6449487554904831, 0.3296730112249878],\n",
       " [0.02342606149341142, 0.6195705222059541, 0.3570034163006345],\n",
       " [0.020741825280624696, 0.5988286969253295, 0.3804294777940459],\n",
       " [0.020741825280624696, 0.5998047828208882, 0.3794533918984871],\n",
       " [0.02318204001952172, 0.5727183992191313, 0.404099560761347],\n",
       " [0.02244997559785261, 0.5556368960468521, 0.42191312835529526],\n",
       " [0.024646168862859932, 0.5370912640312347, 0.43826256710590533],\n",
       " [0.024158125915080528, 0.5200097608589556, 0.4558321132259639],\n",
       " [0.024158125915080528, 0.5051244509516838, 0.4707174231332357],\n",
       " [0.02635431918008785, 0.47144948755490484, 0.5021961932650073],\n",
       " [0.02318204001952172, 0.4572962420693021, 0.5195217179111762],\n",
       " [0.021473889702293802, 0.45070766227428016, 0.527818448023426],\n",
       " [0.02220595412396291, 0.43045387994143486, 0.5473401659346022],\n",
       " [0.022938018545632016, 0.406539775500244, 0.570522205954124],\n",
       " [0.027086383601756955, 0.37920937042459735, 0.5937042459736457],\n",
       " [0.027086383601756955, 0.38628599316739876, 0.5866276232308443],\n",
       " [0.02342606149341142, 0.36627623230844314, 0.6102977061981454],\n",
       " [0.026110297706198146, 0.3440702781844802, 0.6298194241093216],\n",
       " [0.026842362127867253, 0.3421181063933626, 0.6310395314787701],\n",
       " [0.028306490971205467, 0.3257686676427526, 0.645924841386042],\n",
       " [0.02635431918008785, 0.2989263055148853, 0.6747193753050268],\n",
       " [0.02757442654953636, 0.28965348950707664, 0.6827720839433871],\n",
       " [0.028062469497315765, 0.28428501708150317, 0.687652513421181],\n",
       " [0.02537823328452904, 0.2733040507564666, 0.7013177159590044],\n",
       " [0.028306490971205467, 0.2745241581259151, 0.6971693509028795],\n",
       " [0.02855051244509517, 0.27037579306979015, 0.7010736944851147],\n",
       " [0.024646168862859932, 0.2571986334797462, 0.7181551976573939],\n",
       " [0.028062469497315765, 0.2506100536847243, 0.72132747681796],\n",
       " [0.029038555392874574, 0.24841386041971694, 0.7225475841874085],\n",
       " [0.02244997559785261, 0.25329428989751096, 0.7242557345046364],\n",
       " [0.027086383601756955, 0.22913616398243045, 0.7437774524158126],\n",
       " [0.022938018545632016, 0.2335285505124451, 0.7435334309419229],\n",
       " [0.029038555392874574, 0.23060029282576866, 0.7403611517813568],\n",
       " [0.029038555392874574, 0.23718887262079064, 0.7337725719863348],\n",
       " [0.023914104441190825, 0.2337725719863348, 0.7423133235724744],\n",
       " [0.024646168862859932, 0.24036115178135675, 0.7349926793557833],\n",
       " [0.02952659834065398, 0.24938994631527575, 0.7210834553440703],\n",
       " [0.028306490971205467, 0.23694485114690092, 0.7347486578818936],\n",
       " [0.029282576866764276, 0.25744265495363594, 0.7132747681795998],\n",
       " [0.024158125915080528, 0.24816983894582723, 0.7276720351390923],\n",
       " [0.030258662762323085, 0.27135187896534896, 0.698389458272328],\n",
       " [0.029282576866764276, 0.24963396778916544, 0.7210834553440703],\n",
       " [0.031234748657881894, 0.2767203513909224, 0.6920448999511957],\n",
       " [0.02952659834065398, 0.2850170815031723, 0.6854563201561737],\n",
       " [0.025134211810639337, 0.28330893118594436, 0.6915568570034163],\n",
       " [0.022938018545632016, 0.30185456320156173, 0.6752074182528063],\n",
       " [0.03269887750122011, 0.3084431429965837, 0.6588579795021962],\n",
       " [0.021717911176183505, 0.3162518301610542, 0.6620302586627623],\n",
       " [0.028306490971205467, 0.32552464616886284, 0.6461688628599317],\n",
       " [0.02659834065397755, 0.35456320156173743, 0.618838457784285],\n",
       " [0.026842362127867253, 0.3579795021961933, 0.6151781356759395],\n",
       " [0.026842362127867253, 0.3706686188384578, 0.6024890190336749],\n",
       " [0.021717911176183505, 0.39751098096632503, 0.5807711078574914],\n",
       " [0.02879453391898487, 0.39629087359687654, 0.5749145924841386],\n",
       " [0.026842362127867253, 0.4226451927769644, 0.5505124450951684],\n",
       " [0.023670082967301123, 0.43289409468033185, 0.543435822352367],\n",
       " [0.02977061981454368, 0.45949243533430945, 0.5107369448511468],\n",
       " [0.02440214738897023, 0.46315275744265494, 0.5124450951683748],\n",
       " [0.02757442654953636, 0.4668130795510005, 0.5056124938994632],\n",
       " [0.026842362127867253, 0.504880429477794, 0.46827720839433873],\n",
       " [0.021473889702293802, 0.5168374816983895, 0.46168862859931675],\n",
       " [0.027086383601756955, 0.5351390922401171, 0.4377745241581259],\n",
       " [0.022938018545632016, 0.5468521229868228, 0.43020985846754517],\n",
       " [0.02562225475841874, 0.5614934114202049, 0.4128843338213763],\n",
       " [0.02440214738897023, 0.5773548072230357, 0.39824304538799415],\n",
       " [0.020741825280624696, 0.621278672523182, 0.3579795021961933],\n",
       " [0.026110297706198146, 0.6315275744265495, 0.34236212786725234],\n",
       " [0.020497803806734993, 0.6456808199121523, 0.33382137628111275],\n",
       " [0.02440214738897023, 0.6617862371888726, 0.31381161542215713],\n",
       " [0.022938018545632016, 0.6586139580283065, 0.3184480234260615],\n",
       " [0.021961932650073207, 0.6857003416300634, 0.29233772571986333],\n",
       " [0.02000976085895559, 0.6979014153245485, 0.28208882381649586],\n",
       " [0.020985846754514398, 0.7176671547096144, 0.2613469985358712],\n",
       " [0.021961932650073207, 0.741825280624695, 0.23621278672523183],\n",
       " [0.021717911176183505, 0.7401171303074671, 0.23816495851634945],\n",
       " [0.0212298682284041, 0.7618350414836506, 0.21693509028794533],\n",
       " [0.024158125915080528, 0.767203513909224, 0.20863836017569545],\n",
       " [0.022693997071742314, 0.7679355783308931, 0.20937042459736457],\n",
       " [0.0212298682284041, 0.7862371888726208, 0.1925329428989751],\n",
       " [0.020985846754514398, 0.8011224987798926, 0.17789165446559296],\n",
       " [0.021717911176183505, 0.8025866276232309, 0.17569546120058566],\n",
       " [0.019765739385065886, 0.8067349926793558, 0.17349926793557832],\n",
       " [0.024890190336749635, 0.8001464128843339, 0.17496339677891654],\n",
       " [0.0212298682284041, 0.8111273792093704, 0.16764275256222547],\n",
       " [0.024890190336749635, 0.7996583699365544, 0.17545143972669594],\n",
       " [0.024890190336749635, 0.8089311859443631, 0.16617862371888725],\n",
       " [0.021961932650073207, 0.8001464128843339, 0.17789165446559296],\n",
       " [0.021473889702293802, 0.8101512933138116, 0.1683748169838946],\n",
       " [0.02562225475841874, 0.8050268423621278, 0.1693509028794534],\n",
       " [0.021473889702293802, 0.785261102977062, 0.19326500732064422],\n",
       " [0.02757442654953636, 0.7759882869692533, 0.19643728648121034],\n",
       " [0.022938018545632016, 0.7718399219131283, 0.20522205954123962],\n",
       " [0.023670082967301123, 0.7703757930697901, 0.20595412396290874],\n",
       " [0.01805758906783797, 0.7510980966325037, 0.23084431429965838],\n",
       " [0.026842362127867253, 0.7469497315763787, 0.22620790629575402],\n",
       " [0.02537823328452904, 0.7274280136652025, 0.24719375305026842],\n",
       " [0.020985846754514398, 0.7115666178623719, 0.2674475353831137],\n",
       " [0.023670082967301123, 0.714006832601269, 0.26232308443143],\n",
       " [0.026842362127867253, 0.7676915568570034, 0.20546608101512934],\n",
       " [0.02000976085895559, 0.7850170815031723, 0.19497315763787212],\n",
       " [0.025134211810639337, 0.7857491459248414, 0.18911664226451927],\n",
       " [0.027818448023426062, 0.785993167398731, 0.18618838457784284],\n",
       " [0.02220595412396291, 0.7879453391898487, 0.1898487066861884],\n",
       " [0.022938018545632016, 0.7862371888726208, 0.1908247925817472],\n",
       " [0.02342606149341142, 0.7789165446559297, 0.19765739385065886],\n",
       " [0.027086383601756955, 0.7791605661298194, 0.19375305026842363],\n",
       " [0.026842362127867253, 0.7742801366520253, 0.19887750122010736],\n",
       " [0.020497803806734993, 0.7623230844314299, 0.21717911176183505],\n",
       " [0.020985846754514398, 0.7593948267447536, 0.21961932650073207],\n",
       " [0.020741825280624696, 0.7374328940946804, 0.24182528062469497],\n",
       " [0.023670082967301123, 0.7149829184968277, 0.2613469985358712],\n",
       " [0.026842362127867253, 0.6935090287945339, 0.2796486090775988],\n",
       " [0.023670082967301123, 0.6954612005856515, 0.28086871644704736],\n",
       " [0.025866276232308444, 0.677891654465593, 0.29624206930209857],\n",
       " [0.025866276232308444, 0.6512933138116154, 0.32284040995607616],\n",
       " [0.02342606149341142, 0.635187896534895, 0.34138604197169353],\n",
       " [0.024158125915080528, 0.6144460712542704, 0.3613958028306491],\n",
       " [0.027818448023426062, 0.5941922889214251, 0.37798926305514885],\n",
       " [0.024646168862859932, 0.5756466569058077, 0.39970717423133234],\n",
       " [0.020985846754514398, 0.5568570034163006, 0.42215714982918495],\n",
       " [0.029038555392874574, 0.5397755002440214, 0.431185944363104],\n",
       " [0.025134211810639337, 0.5095168374816984, 0.4653489507076623],\n",
       " [0.03294289897510981, 0.4838945827232797, 0.48316251830161056],\n",
       " [0.02562225475841874, 0.4694973157637872, 0.504880429477794],\n",
       " [0.022938018545632016, 0.4331381161542216, 0.5439238653001464],\n",
       " [0.029282576866764276, 0.41752074182528065, 0.5531966813079551],\n",
       " [0.025134211810639337, 0.40873596876525137, 0.5661298194241093],\n",
       " [0.02440214738897023, 0.38116154221571497, 0.5944363103953147],\n",
       " [0.02562225475841874, 0.3709126403123475, 0.6034651049292338],\n",
       " [0.02537823328452904, 0.35505124450951686, 0.6195705222059541],\n",
       " [0.026842362127867253, 0.32552464616886284, 0.6476329917032699],\n",
       " [0.025134211810639337, 0.31771595900439237, 0.6571498291849682],\n",
       " [0.02440214738897023, 0.31454367984382625, 0.6610541727672035],\n",
       " [0.021961932650073207, 0.2989263055148853, 0.6791117618350415],\n",
       " [0.026842362127867253, 0.28965348950707664, 0.6835041483650561],\n",
       " [0.028062469497315765, 0.27110785749145927, 0.700829673011225],\n",
       " [0.0212298682284041, 0.2764763299170327, 0.7022938018545632],\n",
       " [0.026110297706198146, 0.25207418252806246, 0.7218155197657394],\n",
       " [0.02562225475841874, 0.2579306979014153, 0.716447047340166],\n",
       " [0.02562225475841874, 0.2449975597852611, 0.7293801854563201],\n",
       " [0.025866276232308444, 0.23792093704245973, 0.7362127867252318],\n",
       " [0.026842362127867253, 0.2440214738897023, 0.7291361639824304],\n",
       " [0.027086383601756955, 0.24792581747193754, 0.7249877989263055],\n",
       " [0.028062469497315765, 0.2425573450463641, 0.7293801854563201],\n",
       " [0.027086383601756955, 0.24768179599804782, 0.7252318204001952],\n",
       " [0.02342606149341142, 0.25036603221083453, 0.726207906295754],\n",
       " [0.03318692044899951, 0.26183504148365055, 0.7049780380673499],\n",
       " [0.02635431918008785, 0.2540263543191801, 0.719619326500732],\n",
       " [0.029282576866764276, 0.2772083943387018, 0.6935090287945339],\n",
       " [0.030502684236212788, 0.2850170815031723, 0.6844802342606149],\n",
       " [0.02952659834065398, 0.299170326988775, 0.671303074670571],\n",
       " [0.027086383601756955, 0.30478282088823816, 0.6681307955100049],\n",
       " [0.029282576866764276, 0.3118594436310395, 0.6588579795021962],\n",
       " [0.02879453391898487, 0.32625671059053196, 0.6449487554904831],\n",
       " [0.02952659834065398, 0.33528550512445093, 0.635187896534895],\n",
       " [0.024890190336749635, 0.3484626647144949, 0.6266471449487555],\n",
       " [0.024890190336749635, 0.37823328452903854, 0.5968765251342119],\n",
       " [0.027330405075646658, 0.3923865300146413, 0.580283064909712],\n",
       " [0.02562225475841874, 0.40043923865300146, 0.5739385065885798],\n",
       " [0.02220595412396291, 0.4150805270863836, 0.5627135187896535],\n",
       " [0.025866276232308444, 0.4253294289897511, 0.5488042947779405],\n",
       " [0.027330405075646658, 0.45851634943875064, 0.5141532454856027],\n",
       " [0.025134211810639337, 0.48462664714494874, 0.4902391410444119],\n",
