{
 "cells": [
  {
   "cell_type": "markdown",
   "id": "6864f5d2",
   "metadata": {},
   "source": [
    "In this notebook, I perform Ramsey fringe experiment for the (01) and (12) subspace.\n",
    "\n",
    "### References\n",
    "\n",
    "[1]: M. J. Peterer *et al.* Coherence and Decay of Higher Energy Levels of a Superconducting Transmon Qubit. *Phys. Rev. Lett.* **114***, 010501 (2015). [https://doi.org/10.1103/PhysRevLett.114.010501](https://doi.org/10.1103/PhysRevLett.114.010501)."
   ]
  },
  {
   "cell_type": "markdown",
   "id": "9371804f",
   "metadata": {},
   "source": [
    "## Dependencies"
   ]
  },
  {
   "cell_type": "code",
   "execution_count": 31,
   "id": "46548c93",
   "metadata": {},
   "outputs": [],
   "source": [
    "import os\n",
    "os.chdir('/Users/ngdnhtien/Research/Codespace/PulsatingPulseShop/')\n",
    "\n",
    "# Necessary dependencies\n",
    "\n",
    "# qiskit\n",
    "import qiskit\n",
    "import qiskit_ibm_provider\n",
    "\n",
    "# qutritium\n",
    "import utility as ut\n",
    "import constant\n",
    "\n",
    "# numerical\n",
    "import numpy as np\n",
    "import pickle \n",
    "import matplotlib.pyplot as plt\n",
    "\n",
    "plt.rcParams['axes.linewidth'] = 1\n",
    "%config InlineBackend.figure_formats = ['svg']"
   ]
  },
  {
   "cell_type": "markdown",
   "id": "6879fefe",
   "metadata": {},
   "source": [
    "# Backend specifications\n",
    "\n",
    "Throughout these experiments we'll use the `ibm_brisbane` processor, focusing on `qubit = 0`."
   ]
  },
  {
   "cell_type": "code",
   "execution_count": 2,
   "id": "082deade",
   "metadata": {},
   "outputs": [],
   "source": [
    "provider = qiskit_ibm_provider.IBMProvider()"
   ]
  },
  {
   "cell_type": "code",
   "execution_count": 3,
   "id": "472a278b",
   "metadata": {},
   "outputs": [],
   "source": [
    "backend = provider.get_backend('ibm_brisbane')\n",
    "\n",
    "backend_config = backend.configuration()\n",
    "backend_defaults = backend.defaults()\n",
    "backend_properties = backend.properties()\n",
    "dt = backend_config.dt\n",
    "\n",
    "qubit = 109\n",
    "cbit = 0\n",
    "num_qubits = int(qubit+1)\n",
    "num_cbits = 1\n",
    "weight = 1"
   ]
  },
  {
   "cell_type": "code",
   "execution_count": 4,
   "id": "0a5377ba",
   "metadata": {},
   "outputs": [
    {
     "name": "stdout",
     "output_type": "stream",
     "text": [
      "f01 = 4.985 GHz\n",
      "f12 = 4.6779 GHz\n"
     ]
    }
   ],
   "source": [
    "rough_01_freq = backend_defaults.qubit_freq_est[qubit]\n",
    "qubit_anharmonicty = backend_properties.qubits[qubit][3].value* constant.GHz\n",
    "rough_12_freq = rough_01_freq + qubit_anharmonicty\n",
    "\n",
    "print(r\"f01 = \"+f'{round(rough_01_freq/constant.GHz, 4)}'+' GHz')\n",
    "print(r'f12 = '+f'{round(rough_12_freq/constant.GHz, 4)}'+' GHz')"
   ]
  },
  {
   "cell_type": "code",
   "execution_count": 5,
   "id": "b8bb7384",
   "metadata": {},
   "outputs": [],
   "source": [
    "reset_circuit = qiskit.circuit.QuantumCircuit(num_qubits, num_cbits)\n",
    "reset_circuit.measure(qubit, cbit)\n",
    "\n",
    "reset_circuits = [reset_circuit, reset_circuit]"
   ]
  },
  {
   "cell_type": "code",
   "execution_count": 6,
   "id": "7861397a",
   "metadata": {},
   "outputs": [
    {
     "data": {
      "text/plain": [
       "(Schedule((0, Play(Drag(duration=120, sigma=30, beta=-1.2974243905177958, amp=0.18151219398122395, angle=0.0, name='Xp_d109'), DriveChannel(109), name='Xp_d109')), name=\"x\"),\n",
       " Schedule((0, Play(Drag(duration=120, sigma=30, beta=-1.2657716879582008, amp=0.09065353609936277, angle=0.008434973910643098, name='X90p_d109'), DriveChannel(109), name='X90p_d109')), name=\"sx\"))"
      ]
     },
     "execution_count": 6,
     "metadata": {},
     "output_type": "execute_result"
    }
   ],
   "source": [
    "calibrations = backend_defaults.instruction_schedule_map\n",
    "calibrations.get('x', qubit), calibrations.get('sx', qubit)"
   ]
  },
  {
   "cell_type": "code",
   "execution_count": 8,
   "id": "93c77a1d",
   "metadata": {},
   "outputs": [],
   "source": [
    "amp_sx01 = 0.09067120838183576\n",
    "beta_sx01 = -1.2802230938112782\n",
    "\n",
    "amp_sx12 = 0.12538583\n",
    "dur_sx12 = 80\n",
    "sig_sx12 = 20\n",
    "beta_sx12 = -0.5"
   ]
  },
  {
   "cell_type": "code",
   "execution_count": 9,
   "id": "cce96054",
   "metadata": {},
   "outputs": [],
   "source": [
    "def sched_01(phi, amp, beta):\n",
    "    '''\n",
    "        Generating a rotation in 01 with an angle phi away from the x-axis\n",
    "    '''\n",
    "    with qiskit.pulse.build(backend=backend) as schedule:\n",
    "        drive_chan = qiskit.pulse.drive_channel(qubit)\n",
    "        qiskit.pulse.set_frequency(rough_01_freq, drive_chan)\n",
    "        with qiskit.pulse.phase_offset(phi, drive_chan):\n",
    "            qiskit.pulse.play(qiskit.pulse.Drag(duration=120, amp=amp, sigma=30, beta=beta), drive_chan)\n",
    "            \n",
    "    return schedule\n",
    "\n",
    "def sched_12(phi, amp, beta):\n",
    "    '''\n",
    "        Generating a rotation in 12 with an angle phi away from the x-axis\n",
    "    '''\n",
    "    with qiskit.pulse.build(backend=backend) as schedule:\n",
    "        drive_chan = qiskit.pulse.drive_channel(qubit)\n",
    "        qiskit.pulse.set_frequency(rough_12_freq, drive_chan)\n",
    "        with qiskit.pulse.phase_offset(phi, drive_chan):\n",
    "            qiskit.pulse.play(qiskit.pulse.Drag(duration=dur_sx12, amp=amp_sx12, sigma=sig_sx12, beta=beta_sx12), drive_chan)\n",
    "            \n",
    "    return schedule"
   ]
  },
  {
   "cell_type": "code",
   "execution_count": 11,
   "id": "edeb968d",
   "metadata": {},
   "outputs": [],
   "source": [
    "gate_sx12 = qiskit.circuit.Gate('SX12', weight, [])\n",
    "\n",
    "ground_circ = qiskit.circuit.QuantumCircuit(num_qubits, num_cbits)\n",
    "ground_circ.measure(qubit, cbit)\n",
    "\n",
    "first_excited_state_circ = qiskit.circuit.QuantumCircuit(num_qubits, num_cbits)\n",
    "first_excited_state_circ.x(qubit)\n",
    "first_excited_state_circ.measure(qubit, cbit)\n",
    "\n",
    "second_excited_state_circ = qiskit.circuit.QuantumCircuit(num_qubits, num_cbits)\n",
    "second_excited_state_circ.x(qubit)\n",
    "second_excited_state_circ.append(gate_sx12, [qubit])\n",
    "second_excited_state_circ.append(gate_sx12, [qubit])\n",
    "second_excited_state_circ.measure(qubit, cbit)\n",
    "second_excited_state_circ.add_calibration(gate_sx12, [qubit], sched_12(0, amp_sx12, beta_sx12))\n",
    "\n",
    "new_discrim = [ground_circ, first_excited_state_circ, second_excited_state_circ]"
   ]
  },
  {
   "cell_type": "markdown",
   "id": "973ddbb3",
   "metadata": {},
   "source": [
    "# Measurement of $\\beta$"
   ]
  },
  {
   "cell_type": "code",
   "execution_count": null,
   "id": "4c44af28",
   "metadata": {},
   "outputs": [],
   "source": [
    "ramsey_experiment_circuits = []\n",
    "\n",
    "sx01 = qiskit.circuit.Gate('sx01', weight, [])\n",
    "sx12_plus = qiskit.circuit.Gate('sx12_plus', weight, [])\n",
    "sx12_minus = qiskit.circuit.Gate('sx12_minus', weight, [])\n",
    "axial_01 = qiskit.circuit.Gate('axial_01', weight, [])\n",
    "\n",
    "for reps in [5, 6, 7, 8, 9]:\n",
    "    for phase_sweep in np.linspace(-np.pi/6, -np.pi/6+2*np.pi, 100):\n",
    "        ramsey_circuit = qiskit.circuit.QuantumCircuit(num_qubits, num_cbits)\n",
    "        ramsey_circuit.append(sx01, [qubit])\n",
    "        for i in range(reps):\n",
    "            ramsey_circuit.append(sx12_plus, [qubit])\n",
    "            ramsey_circuit.append(sx12_minus, [qubit])\n",
    "        ramsey_circuit.append(axial_01, [qubit])\n",
    "        ramsey_circuit.measure(qubit, cbit)\n",
    "        ramsey_circuit.add_calibration(sx01, [qubit], sched_01(phi=0, amp=amp_sx01, beta=beta_sx01))\n",
    "        ramsey_circuit.add_calibration(sx12_plus, [qubit], sched_12(phi=0, amp=+1*amp_sx12, beta=beta_sx12))\n",
    "        ramsey_circuit.add_calibration(sx12_minus, [qubit], sched_12(phi=0, amp=-1*amp_sx12, beta=beta_sx12))\n",
    "        ramsey_circuit.add_calibration(axial_01, [qubit], sched_01(phi=phase_sweep, amp=amp_sx01, beta=beta_sx01))\n",
    "        ramsey_experiment_circuits.append(ramsey_circuit)"
   ]
  },
  {
   "cell_type": "code",
   "execution_count": null,
   "id": "d50c64fe",
   "metadata": {},
   "outputs": [
    {
     "data": {
      "text/plain": [
       "'crkp0kaakhw0008ewywg'"
      ]
     },
     "execution_count": 15,
     "metadata": {},
     "output_type": "execute_result"
    }
   ],
   "source": [
    "ramsey_package = new_discrim + ramsey_experiment_circuits + reset_circuits\n",
    "ramseyv1_job = backend.run(ramsey_package, meas_level=1, meas_return='single', shots=2048)\n",
    "ramseyv1_job.job_id()"
   ]
  },
  {
   "cell_type": "code",
   "execution_count": null,
   "id": "3387c784",
   "metadata": {},
   "outputs": [
    {
     "data": {
      "text/plain": [
       "<JobStatus.QUEUED: 'job is queued'>"
      ]
     },
     "execution_count": 16,
     "metadata": {},
     "output_type": "execute_result"
    }
   ],
   "source": [
    "ramseyv1_job.status()"
   ]
  },
  {
   "cell_type": "code",
   "execution_count": null,
   "id": "b5a2f6b2",
   "metadata": {},
   "outputs": [],
   "source": [
    "ramseyv1_job = provider.backend.retrieve_job('crkp0kaakhw0008ewywg')\n",
    "\n",
    "ramseyv1_exp = ut.DataAnalysis(experiment=ramseyv1_job, average=False, shots=2048, qubit=0)\n",
    "ramseyv1_exp.retrieve_data(average=False)\n",
    "ramseyv1_exp.build_discrim()\n",
    "ramseyv1_exp.count_pop()\n",
    "ramseyv1_exp.error_mitiq()"
   ]
  },
  {
   "cell_type": "code",
   "execution_count": 29,
   "id": "d1959a68",
   "metadata": {},
   "outputs": [],
   "source": [
    "with open('./experiment/ramseyv1/data/round3_23april24/beta/mitigated/56789.pkl', 'wb') as f:\n",
    "    pickle.dump(np.array(ramseyv1_exp.mitiq_data)[3:-2], f)"
   ]
  },
  {
   "cell_type": "markdown",
   "id": "287c4e65",
   "metadata": {},
   "source": [
    "# Measurement of $\\alpha$"
   ]
  },
  {
   "cell_type": "code",
   "execution_count": 12,
   "id": "f95fbaf1",
   "metadata": {},
   "outputs": [],
   "source": [
    "# Gate set\n",
    "\n",
    "sx01 = qiskit.circuit.Gate('sx01', weight, [])\n",
    "sx12 = qiskit.circuit.Gate('sx12', weight, [])\n",
    "\n",
    "sx01_plus = qiskit.circuit.Gate('sx01_plus', weight, [])\n",
    "sx01_minus = qiskit.circuit.Gate('sx01_minus', weight, [])\n",
    "\n",
    "sx12_plus = qiskit.circuit.Gate('sx12_plus', weight, [])\n",
    "sx12_minus = qiskit.circuit.Gate('sx12_minus', weight, [])\n",
    "\n",
    "axial_01 = qiskit.circuit.Gate('axial_01', weight, [])\n",
    "axial_12 = qiskit.circuit.Gate('axial_12', weight, [])"
   ]
  },
  {
   "cell_type": "code",
   "execution_count": 16,
   "id": "bb3f379e",
   "metadata": {},
   "outputs": [],
   "source": [
    "ramsey_experiment_circuits = []\n",
    "\n",
    "for reps in [5, 6, 7, 8, 9]:\n",
    "    for phase_sweep in np.linspace(-np.pi/6, -np.pi/6+2*np.pi, 100):\n",
    "\n",
    "        ramsey_circuit = qiskit.circuit.QuantumCircuit(num_qubits, num_cbits)\n",
    "        ramsey_circuit.append(sx01, [qubit])\n",
    "        ramsey_circuit.append(sx01, [qubit])\n",
    "        ramsey_circuit.append(sx12, [qubit])\n",
    "        for i in range(reps):\n",
    "            ramsey_circuit.append(sx01_plus, [qubit])\n",
    "            ramsey_circuit.append(sx01_minus, [qubit])\n",
    "        ramsey_circuit.append(axial_12, [qubit])\n",
    "        ramsey_circuit.measure(qubit, cbit)\n",
    "        \n",
    "        ramsey_circuit.add_calibration(sx01, [qubit], sched_01(phi=0, amp=amp_sx01, beta=beta_sx01))\n",
    "        ramsey_circuit.add_calibration(sx12, [qubit], sched_12(phi=0, amp=amp_sx12, beta=beta_sx12))\n",
    "        ramsey_circuit.add_calibration(sx01_plus, [qubit], sched_01(phi=0, amp=+1*amp_sx01, beta=beta_sx01))\n",
    "        ramsey_circuit.add_calibration(sx01_minus, [qubit], sched_01(phi=0, amp=-1*amp_sx01, beta=beta_sx01))\n",
    "        ramsey_circuit.add_calibration(axial_12, [qubit], sched_12(phi=phase_sweep, amp=amp_sx12, beta=beta_sx12))\n",
    "        ramsey_experiment_circuits.append(ramsey_circuit)"
   ]
  },
  {
   "cell_type": "code",
   "execution_count": 17,
   "id": "b66203a8",
   "metadata": {},
   "outputs": [
    {
     "data": {
      "text/plain": [
       "'crnjrjtk4mg0008vgfvg'"
      ]
     },
     "execution_count": 17,
     "metadata": {},
     "output_type": "execute_result"
    }
   ],
   "source": [
    "ramsey_package = new_discrim + ramsey_experiment_circuits + reset_circuits\n",
    "ramseyv1_job = backend.run(ramsey_package, meas_level=1, meas_return='single', shots=2048)\n",
    "\n",
    "ramseyv1_job.job_id()"
   ]
  },
  {
   "cell_type": "code",
   "execution_count": 15,
   "id": "8aff4483",
   "metadata": {},
   "outputs": [],
   "source": [
    "# crnjr3rg0fy000841n80 01234\n",
    "# crnjrjtk4mg0008vgfvg 56789"
   ]
  },
  {
   "cell_type": "code",
   "execution_count": 18,
   "id": "11054910",
   "metadata": {},
   "outputs": [
    {
     "data": {
      "text/plain": [
       "<JobStatus.DONE: 'job has successfully run'>"
      ]
     },
     "execution_count": 18,
     "metadata": {},
     "output_type": "execute_result"
    }
   ],
   "source": [
    "ramseyv1_job = provider.backend.retrieve_job('crnjr3rg0fy000841n80')\n",
    "ramseyv1_job.status()"
   ]
  },
  {
   "cell_type": "code",
   "execution_count": 19,
   "id": "42da3624",
   "metadata": {},
   "outputs": [],
   "source": [
    "ramseyv1_job = provider.backend.retrieve_job('crnjr3rg0fy000841n80')\n",
    "\n",
    "ramseyv1_exp = ut.DataAnalysis(experiment=ramseyv1_job, average=False, shots=2048, qubit=0)\n",
    "ramseyv1_exp.retrieve_data(average=False)\n",
    "ramseyv1_exp.build_discrim()\n",
    "ramseyv1_exp.count_pop()\n",
    "ramseyv1_exp.error_mitiq()"
   ]
  },
  {
   "cell_type": "code",
   "execution_count": 40,
   "id": "f9ba1802",
   "metadata": {},
   "outputs": [
    {
     "data": {
      "text/plain": [
       "[[0.9365234375, 0.02099609375, 0.04248046875],\n",
       " [0.01806640625, 0.90478515625, 0.0771484375],\n",
       " [0.0185546875, 0.06884765625, 0.91259765625],\n",
       " [0.02099609375, 0.275390625, 0.70361328125],\n",
       " [0.01904296875, 0.23681640625, 0.744140625],\n",
       " [0.01904296875, 0.2294921875, 0.75146484375],\n",
       " [0.0166015625, 0.22705078125, 0.75634765625],\n",
       " [0.01708984375, 0.2314453125, 0.75146484375],\n",
       " [0.017578125, 0.22314453125, 0.75927734375],\n",
       " [0.01904296875, 0.21533203125, 0.765625],\n",
       " [0.017578125, 0.22509765625, 0.75732421875],\n",
       " [0.01806640625, 0.220703125, 0.76123046875],\n",
       " [0.0244140625, 0.21728515625, 0.75830078125],\n",
       " [0.02001953125, 0.22509765625, 0.7548828125],\n",
       " [0.02099609375, 0.2431640625, 0.73583984375],\n",
       " [0.017578125, 0.2099609375, 0.7724609375],\n",
       " [0.01904296875, 0.22314453125, 0.7578125],\n",
       " [0.01220703125, 0.23828125, 0.74951171875],\n",
       " [0.01708984375, 0.232421875, 0.75048828125],\n",
       " [0.021484375, 0.26806640625, 0.71044921875],\n",
       " [0.0205078125, 0.24853515625, 0.73095703125],\n",
       " [0.0205078125, 0.2607421875, 0.71875],\n",
       " [0.013671875, 0.27783203125, 0.70849609375],\n",
       " [0.0185546875, 0.30029296875, 0.68115234375],\n",
       " [0.0224609375, 0.28466796875, 0.69287109375],\n",
       " [0.017578125, 0.2841796875, 0.6982421875],\n",
       " [0.0234375, 0.3193359375, 0.6572265625],\n",
       " [0.02001953125, 0.32470703125, 0.6552734375],\n",
       " [0.02197265625, 0.35546875, 0.62255859375],\n",
       " [0.021484375, 0.3779296875, 0.6005859375],\n",
       " [0.02001953125, 0.380859375, 0.59912109375],\n",
       " [0.01953125, 0.4033203125, 0.5771484375],\n",
       " [0.021484375, 0.42138671875, 0.55712890625],\n",
       " [0.02001953125, 0.42919921875, 0.55078125],\n",
       " [0.02197265625, 0.46337890625, 0.5146484375],\n",
       " [0.01904296875, 0.45849609375, 0.5224609375],\n",
       " [0.02099609375, 0.48095703125, 0.498046875],\n",
       " [0.02490234375, 0.50439453125, 0.470703125],\n",
       " [0.021484375, 0.51904296875, 0.45947265625],\n",
       " [0.01513671875, 0.576171875, 0.40869140625],\n",
       " [0.01904296875, 0.55908203125, 0.421875],\n",
       " [0.01513671875, 0.58984375, 0.39501953125],\n",
       " [0.01904296875, 0.59375, 0.38720703125],\n",
       " [0.01611328125, 0.63916015625, 0.3447265625],\n",
       " [0.01806640625, 0.67333984375, 0.30859375],\n",
       " [0.01513671875, 0.681640625, 0.30322265625],\n",
       " [0.021484375, 0.720703125, 0.2578125],\n",
       " [0.0166015625, 0.712890625, 0.2705078125],\n",
       " [0.0166015625, 0.74951171875, 0.23388671875],\n",
       " [0.01904296875, 0.759765625, 0.22119140625],\n",
       " [0.017578125, 0.7841796875, 0.1982421875],\n",
       " [0.0166015625, 0.8017578125, 0.181640625],\n",
       " [0.0166015625, 0.81298828125, 0.17041015625],\n",
       " [0.02197265625, 0.8134765625, 0.16455078125],\n",
       " [0.017578125, 0.84716796875, 0.13525390625],\n",
       " [0.0146484375, 0.85888671875, 0.12646484375],\n",
       " [0.0205078125, 0.8671875, 0.1123046875],\n",
       " [0.01513671875, 0.8720703125, 0.11279296875],\n",
       " [0.017578125, 0.8662109375, 0.1162109375],\n",
       " [0.0224609375, 0.88818359375, 0.08935546875],\n",
       " [0.02001953125, 0.900390625, 0.07958984375],\n",
       " [0.01611328125, 0.89697265625, 0.0869140625],\n",
       " [0.0205078125, 0.89794921875, 0.08154296875],\n",
       " [0.017578125, 0.90869140625, 0.07373046875],\n",
       " [0.02685546875, 0.8818359375, 0.09130859375],\n",
       " [0.02392578125, 0.8701171875, 0.10595703125],\n",
       " [0.02392578125, 0.861328125, 0.11474609375],\n",
       " [0.021484375, 0.85693359375, 0.12158203125],\n",
       " [0.0146484375, 0.8310546875, 0.154296875],\n",
       " [0.01708984375, 0.8330078125, 0.14990234375],\n",
       " [0.025390625, 0.80859375, 0.166015625],\n",
       " [0.0224609375, 0.796875, 0.1806640625],\n",
       " [0.0205078125, 0.78076171875, 0.19873046875],\n",
       " [0.01904296875, 0.76318359375, 0.2177734375],\n",
       " [0.01953125, 0.71875, 0.26171875],\n",
       " [0.01953125, 0.728515625, 0.251953125],\n",
       " [0.01708984375, 0.6982421875, 0.28466796875],\n",
       " [0.01513671875, 0.6845703125, 0.30029296875],\n",
       " [0.01904296875, 0.65185546875, 0.3291015625],\n",
       " [0.01953125, 0.63427734375, 0.34619140625],\n",
       " [0.02197265625, 0.609375, 0.36865234375],\n",
       " [0.02099609375, 0.564453125, 0.41455078125],\n",
       " [0.02294921875, 0.55419921875, 0.4228515625],\n",
       " [0.01416015625, 0.5126953125, 0.47314453125],\n",
       " [0.0185546875, 0.50830078125, 0.47314453125],\n",
       " [0.0244140625, 0.48974609375, 0.48583984375],\n",
       " [0.021484375, 0.46533203125, 0.51318359375],\n",
       " [0.0205078125, 0.43994140625, 0.53955078125],\n",
       " [0.021484375, 0.42041015625, 0.55810546875],\n",
       " [0.01708984375, 0.43212890625, 0.55078125],\n",
       " [0.02099609375, 0.40625, 0.57275390625],\n",
       " [0.0244140625, 0.38427734375, 0.59130859375],\n",
       " [0.0166015625, 0.3779296875, 0.60546875],\n",
       " [0.0185546875, 0.36669921875, 0.61474609375],\n",
       " [0.01806640625, 0.353515625, 0.62841796875],\n",
       " [0.01708984375, 0.33544921875, 0.6474609375],\n",
       " [0.02392578125, 0.2841796875, 0.69189453125],\n",
       " [0.021484375, 0.294921875, 0.68359375],\n",
       " [0.017578125, 0.26904296875, 0.71337890625],\n",
       " [0.01953125, 0.2578125, 0.72265625],\n",
       " [0.01708984375, 0.265625, 0.71728515625],\n",
       " [0.01953125, 0.2412109375, 0.7392578125],\n",
       " [0.017578125, 0.2421875, 0.740234375],\n",
       " [0.01806640625, 0.4345703125, 0.54736328125],\n",
       " [0.01904296875, 0.431640625, 0.54931640625],\n",
       " [0.017578125, 0.4287109375, 0.5537109375],\n",
       " [0.01953125, 0.3984375, 0.58203125],\n",
       " [0.0234375, 0.37939453125, 0.59716796875],\n",
       " [0.01904296875, 0.37646484375, 0.6044921875],\n",
       " [0.0205078125, 0.33837890625, 0.64111328125],\n",
       " [0.021484375, 0.33251953125, 0.64599609375],\n",
       " [0.02001953125, 0.33642578125, 0.6435546875],\n",
       " [0.02392578125, 0.30322265625, 0.6728515625],\n",
       " [0.01904296875, 0.30224609375, 0.6787109375],\n",
       " [0.01904296875, 0.28369140625, 0.697265625],\n",
       " [0.01953125, 0.2705078125, 0.7099609375],\n",
       " [0.01806640625, 0.26806640625, 0.7138671875],\n",
       " [0.01806640625, 0.2587890625, 0.72314453125],\n",
       " [0.01806640625, 0.2490234375, 0.73291015625],\n",
       " [0.0283203125, 0.24365234375, 0.72802734375],\n",
       " [0.0146484375, 0.23974609375, 0.74560546875],\n",
       " [0.021484375, 0.22705078125, 0.75146484375],\n",
       " [0.0205078125, 0.23486328125, 0.74462890625],\n",
       " [0.01904296875, 0.24267578125, 0.73828125],\n",
       " [0.02392578125, 0.232421875, 0.74365234375],\n",
       " [0.0185546875, 0.22216796875, 0.75927734375],\n",
       " [0.01953125, 0.25048828125, 0.72998046875],\n",
       " [0.015625, 0.21630859375, 0.76806640625],\n",
       " [0.0166015625, 0.23876953125, 0.74462890625],\n",
       " [0.0244140625, 0.2392578125, 0.736328125],\n",
       " [0.01318359375, 0.2255859375, 0.76123046875],\n",
       " [0.02392578125, 0.2509765625, 0.72509765625],\n",
       " [0.02294921875, 0.2431640625, 0.73388671875],\n",
       " [0.02587890625, 0.2578125, 0.71630859375],\n",
       " [0.02294921875, 0.24560546875, 0.7314453125],\n",
       " [0.01416015625, 0.28076171875, 0.705078125],\n",
       " [0.02197265625, 0.2587890625, 0.71923828125],\n",
       " [0.0146484375, 0.29296875, 0.6923828125],\n",
       " [0.02099609375, 0.28759765625, 0.69140625],\n",
       " [0.02392578125, 0.31005859375, 0.666015625],\n",
       " [0.01318359375, 0.31884765625, 0.66796875],\n",
       " [0.0185546875, 0.3291015625, 0.65234375],\n",
       " [0.0205078125, 0.359375, 0.6201171875],\n",
       " [0.01513671875, 0.3642578125, 0.62060546875],\n",
       " [0.01708984375, 0.38623046875, 0.5966796875],\n",
       " [0.0185546875, 0.40234375, 0.5791015625],\n",
       " [0.025390625, 0.4150390625, 0.5595703125],\n",
       " [0.0244140625, 0.4365234375, 0.5390625],\n",
       " [0.0224609375, 0.453125, 0.5244140625],\n",
       " [0.01904296875, 0.46728515625, 0.513671875],\n",
       " [0.021484375, 0.4736328125, 0.5048828125],\n",
       " [0.01708984375, 0.49267578125, 0.490234375],\n",
       " [0.01611328125, 0.52587890625, 0.4580078125],\n",
       " [0.0205078125, 0.564453125, 0.4150390625],\n",
       " [0.0224609375, 0.56884765625, 0.40869140625],\n",
       " [0.0234375, 0.58544921875, 0.39111328125],\n",
       " [0.0126953125, 0.61474609375, 0.37255859375],\n",
       " [0.021484375, 0.64208984375, 0.33642578125],\n",
       " [0.015625, 0.63330078125, 0.35107421875],\n",
       " [0.0234375, 0.65576171875, 0.32080078125],\n",
       " [0.01904296875, 0.6962890625, 0.28466796875],\n",
       " [0.0244140625, 0.7099609375, 0.265625],\n",
       " [0.02099609375, 0.7294921875, 0.24951171875],\n",
       " [0.0244140625, 0.7490234375, 0.2265625],\n",
       " [0.02001953125, 0.763671875, 0.21630859375],\n",
       " [0.0234375, 0.7802734375, 0.1962890625],\n",
       " [0.02099609375, 0.80419921875, 0.1748046875],\n",
       " [0.01953125, 0.8203125, 0.16015625],\n",
       " [0.01611328125, 0.8271484375, 0.15673828125],\n",
       " [0.017578125, 0.84814453125, 0.13427734375],\n",
       " [0.0205078125, 0.85107421875, 0.12841796875],\n",
       " [0.01513671875, 0.85888671875, 0.1259765625],\n",
       " [0.0234375, 0.865234375, 0.111328125],\n",
       " [0.015625, 0.88671875, 0.09765625],\n",
       " [0.01953125, 0.8720703125, 0.1083984375],\n",
       " [0.01123046875, 0.8818359375, 0.10693359375],\n",
       " [0.02294921875, 0.859375, 0.11767578125],\n",
       " [0.02197265625, 0.87890625, 0.09912109375],\n",
       " [0.01416015625, 0.8876953125, 0.09814453125],\n",
       " [0.021484375, 0.85693359375, 0.12158203125],\n",
       " [0.0185546875, 0.86083984375, 0.12060546875],\n",
       " [0.021484375, 0.8291015625, 0.1494140625],\n",
       " [0.0185546875, 0.82861328125, 0.15283203125],\n",
       " [0.01953125, 0.82373046875, 0.15673828125],\n",
       " [0.02001953125, 0.7890625, 0.19091796875],\n",
       " [0.02001953125, 0.7900390625, 0.18994140625],\n",
       " [0.0263671875, 0.77392578125, 0.19970703125],\n",
       " [0.0224609375, 0.75341796875, 0.22412109375],\n",
       " [0.017578125, 0.751953125, 0.23046875],\n",
       " [0.01953125, 0.72119140625, 0.25927734375],\n",
       " [0.02197265625, 0.701171875, 0.27685546875],\n",
       " [0.021484375, 0.6904296875, 0.2880859375],\n",
       " [0.02392578125, 0.65673828125, 0.3193359375],\n",
       " [0.0205078125, 0.63525390625, 0.34423828125],\n",
       " [0.02099609375, 0.60107421875, 0.3779296875],\n",
       " [0.01513671875, 0.59130859375, 0.3935546875],\n",
       " [0.0244140625, 0.5703125, 0.4052734375],\n",
       " [0.0244140625, 0.5439453125, 0.431640625],\n",
       " [0.02099609375, 0.53466796875, 0.4443359375],\n",
       " [0.01953125, 0.50244140625, 0.47802734375],\n",
       " [0.0205078125, 0.470703125, 0.5087890625],\n",
       " [0.02197265625, 0.4736328125, 0.50439453125],\n",
       " [0.02001953125, 0.44384765625, 0.5361328125],\n",
       " [0.02099609375, 0.70166015625, 0.27734375],\n",
       " [0.015625, 0.705078125, 0.279296875],\n",
       " [0.01953125, 0.6875, 0.29296875],\n",
       " [0.02197265625, 0.6943359375, 0.28369140625],\n",
       " [0.02880859375, 0.6728515625, 0.29833984375],\n",
       " [0.0224609375, 0.63623046875, 0.34130859375],\n",
       " [0.02294921875, 0.630859375, 0.34619140625],\n",
       " [0.0185546875, 0.6171875, 0.3642578125],\n",
       " [0.0185546875, 0.59423828125, 0.38720703125],\n",
       " [0.01806640625, 0.55908203125, 0.4228515625],\n",
       " [0.02099609375, 0.55224609375, 0.4267578125],\n",
       " [0.01953125, 0.51025390625, 0.47021484375],\n",
       " [0.01953125, 0.5048828125, 0.4755859375],\n",
       " [0.015625, 0.490234375, 0.494140625],\n",
       " [0.0234375, 0.45751953125, 0.51904296875],\n",
       " [0.0205078125, 0.447265625, 0.5322265625],\n",
       " [0.0263671875, 0.44287109375, 0.53076171875],\n",
       " [0.01611328125, 0.42138671875, 0.5625],\n",
       " [0.02197265625, 0.3916015625, 0.58642578125],\n",
       " [0.0205078125, 0.4033203125, 0.576171875],\n",
       " [0.01611328125, 0.3525390625, 0.63134765625],\n",
       " [0.01611328125, 0.37890625, 0.60498046875],\n",
       " [0.01953125, 0.3232421875, 0.6572265625],\n",
       " [0.01708984375, 0.3427734375, 0.64013671875],\n",
       " [0.01904296875, 0.32275390625, 0.658203125],\n",
       " [0.015625, 0.3203125, 0.6640625],\n",
       " [0.02197265625, 0.28369140625, 0.6943359375],\n",
       " [0.01708984375, 0.28662109375, 0.6962890625],\n",
       " [0.02197265625, 0.29638671875, 0.681640625],\n",
       " [0.02294921875, 0.27197265625, 0.705078125],\n",
       " [0.0205078125, 0.265625, 0.7138671875],\n",
       " [0.01953125, 0.26416015625, 0.71630859375],\n",
       " [0.01953125, 0.2490234375, 0.7314453125],\n",
       " [0.01806640625, 0.24951171875, 0.732421875],\n",
       " [0.01708984375, 0.228515625, 0.75439453125],\n",
       " [0.02001953125, 0.23876953125, 0.7412109375],\n",
       " [0.01904296875, 0.248046875, 0.73291015625],\n",
       " [0.01708984375, 0.2509765625, 0.73193359375],\n",
       " [0.017578125, 0.2421875, 0.740234375],\n",
       " [0.013671875, 0.2451171875, 0.7412109375],\n",
       " [0.02001953125, 0.2548828125, 0.72509765625],\n",
       " [0.02099609375, 0.25341796875, 0.7255859375],\n",
       " [0.02099609375, 0.24072265625, 0.73828125],\n",
       " [0.013671875, 0.2578125, 0.728515625],\n",
       " [0.0224609375, 0.2587890625, 0.71875],\n",
       " [0.017578125, 0.28564453125, 0.69677734375],\n",
       " [0.02099609375, 0.27392578125, 0.705078125],\n",
       " [0.021484375, 0.28515625, 0.693359375],\n",
       " [0.0166015625, 0.30224609375, 0.68115234375],\n",
       " [0.01904296875, 0.326171875, 0.65478515625],\n",
       " [0.013671875, 0.31591796875, 0.67041015625],\n",
       " [0.015625, 0.3232421875, 0.6611328125],\n",
       " [0.0146484375, 0.353515625, 0.6318359375],\n",
       " [0.01953125, 0.3564453125, 0.6240234375],\n",
       " [0.02099609375, 0.3828125, 0.59619140625],\n",
       " [0.01611328125, 0.380859375, 0.60302734375],\n",
       " [0.02099609375, 0.4169921875, 0.56201171875],\n",
       " [0.01611328125, 0.419921875, 0.56396484375],\n",
       " [0.02392578125, 0.453125, 0.52294921875],\n",
       " [0.02294921875, 0.4677734375, 0.50927734375],\n",
       " [0.01611328125, 0.46728515625, 0.5166015625],\n",
       " [0.02197265625, 0.5009765625, 0.47705078125],\n",
       " [0.017578125, 0.5244140625, 0.4580078125],\n",
       " [0.02587890625, 0.52587890625, 0.4482421875],\n",
       " [0.02734375, 0.54296875, 0.4296875],\n",
       " [0.02001953125, 0.57666015625, 0.4033203125],\n",
       " [0.017578125, 0.58837890625, 0.39404296875],\n",
       " [0.0234375, 0.6171875, 0.359375],\n",
       " [0.01513671875, 0.60498046875, 0.3798828125],\n",
       " [0.01904296875, 0.64599609375, 0.3349609375],\n",
       " [0.02197265625, 0.67822265625, 0.2998046875],\n",
       " [0.0185546875, 0.68798828125, 0.29345703125],\n",
       " [0.02685546875, 0.6787109375, 0.29443359375],\n",
       " [0.02734375, 0.71142578125, 0.26123046875],\n",
       " [0.0234375, 0.73095703125, 0.24560546875],\n",
       " [0.01904296875, 0.75830078125, 0.22265625],\n",
       " [0.01953125, 0.74853515625, 0.23193359375],\n",
       " [0.013671875, 0.787109375, 0.19921875],\n",
       " [0.017578125, 0.7861328125, 0.1962890625],\n",
       " [0.0224609375, 0.79736328125, 0.18017578125],\n",
       " [0.01416015625, 0.806640625, 0.17919921875],\n",
       " [0.02099609375, 0.8173828125, 0.16162109375],\n",
       " [0.02685546875, 0.8193359375, 0.15380859375],\n",
       " [0.01953125, 0.81640625, 0.1640625],\n",
       " [0.02197265625, 0.83447265625, 0.1435546875],\n",
       " [0.02001953125, 0.83740234375, 0.142578125],\n",
       " [0.0205078125, 0.83935546875, 0.14013671875],\n",
       " [0.01904296875, 0.84423828125, 0.13671875],\n",
       " [0.01611328125, 0.84228515625, 0.1416015625],\n",
       " [0.01513671875, 0.85205078125, 0.1328125],\n",
       " [0.01611328125, 0.85009765625, 0.1337890625],\n",
       " [0.01953125, 0.8369140625, 0.1435546875],\n",
       " [0.02392578125, 0.8193359375, 0.15673828125],\n",
       " [0.01416015625, 0.81640625, 0.16943359375],\n",
       " [0.02197265625, 0.80078125, 0.17724609375],\n",
       " [0.0224609375, 0.79052734375, 0.18701171875],\n",
       " [0.01904296875, 0.765625, 0.21533203125],\n",
       " [0.01806640625, 0.8037109375, 0.17822265625],\n",
       " [0.02294921875, 0.7666015625, 0.21044921875],\n",
       " [0.02392578125, 0.74169921875, 0.234375],\n",
       " [0.02978515625, 0.80126953125, 0.1689453125],\n",
       " [0.02587890625, 0.83642578125, 0.1376953125],\n",
       " [0.0234375, 0.83740234375, 0.13916015625],\n",
       " [0.02392578125, 0.83642578125, 0.1396484375],\n",
       " [0.01953125, 0.830078125, 0.150390625],\n",
       " [0.01611328125, 0.81884765625, 0.1650390625],\n",
       " [0.0185546875, 0.8388671875, 0.142578125],\n",
       " [0.0283203125, 0.82275390625, 0.14892578125],\n",
       " [0.02294921875, 0.81689453125, 0.16015625],\n",
       " [0.02783203125, 0.81689453125, 0.1552734375],\n",
       " [0.02294921875, 0.80224609375, 0.1748046875],\n",
       " [0.02783203125, 0.77880859375, 0.193359375],\n",
       " [0.02099609375, 0.78076171875, 0.1982421875],\n",
       " [0.0234375, 0.7607421875, 0.2158203125],\n",
       " [0.02978515625, 0.7509765625, 0.21923828125],\n",
       " [0.02392578125, 0.724609375, 0.25146484375],\n",
       " [0.021484375, 0.72314453125, 0.25537109375],\n",
       " [0.0244140625, 0.68603515625, 0.28955078125],\n",
       " [0.02294921875, 0.66748046875, 0.3095703125],\n",
       " [0.01904296875, 0.66845703125, 0.3125],\n",
       " [0.02197265625, 0.63134765625, 0.3466796875],\n",
       " [0.0263671875, 0.6064453125, 0.3671875],\n",
       " [0.025390625, 0.58984375, 0.384765625],\n",
       " [0.0234375, 0.5791015625, 0.3974609375],\n",
       " [0.02734375, 0.55615234375, 0.41650390625],\n",
       " [0.01953125, 0.53662109375, 0.44384765625],\n",
       " [0.0234375, 0.49462890625, 0.48193359375],\n",
       " [0.0283203125, 0.49755859375, 0.47412109375],\n",
       " [0.0302734375, 0.45703125, 0.5126953125],\n",
       " [0.0302734375, 0.4736328125, 0.49609375],\n",
       " [0.02685546875, 0.4306640625, 0.54248046875],\n",
       " [0.02197265625, 0.42919921875, 0.548828125],\n",
       " [0.0263671875, 0.3916015625, 0.58203125],\n",
       " [0.0224609375, 0.37646484375, 0.60107421875],\n",
       " [0.02099609375, 0.3759765625, 0.60302734375],\n",
       " [0.03125, 0.32421875, 0.64453125],\n",
       " [0.01904296875, 0.318359375, 0.66259765625],\n",
       " [0.02294921875, 0.32275390625, 0.654296875],\n",
       " [0.02197265625, 0.28271484375, 0.6953125],\n",
       " [0.02197265625, 0.27978515625, 0.6982421875],\n",
       " [0.025390625, 0.2548828125, 0.7197265625],\n",
       " [0.02490234375, 0.26708984375, 0.7080078125],\n",
       " [0.02197265625, 0.24755859375, 0.73046875],\n",
       " [0.02685546875, 0.24609375, 0.72705078125],\n",
       " [0.025390625, 0.244140625, 0.73046875],\n",
       " [0.0224609375, 0.2216796875, 0.755859375],\n",
       " [0.0302734375, 0.21826171875, 0.75146484375],\n",
       " [0.0205078125, 0.21826171875, 0.76123046875],\n",
       " [0.0244140625, 0.2080078125, 0.767578125],\n",
       " [0.0205078125, 0.21923828125, 0.76025390625],\n",
       " [0.02099609375, 0.20751953125, 0.771484375],\n",
       " [0.0263671875, 0.20263671875, 0.77099609375],\n",
       " [0.02880859375, 0.19091796875, 0.7802734375],\n",
       " [0.02880859375, 0.1953125, 0.77587890625],\n",
       " [0.0224609375, 0.19677734375, 0.78076171875],\n",
       " [0.02197265625, 0.20751953125, 0.7705078125],\n",
       " [0.02001953125, 0.22412109375, 0.755859375],\n",
       " [0.0224609375, 0.21875, 0.7587890625],\n",
       " [0.02978515625, 0.232421875, 0.73779296875],\n",
       " [0.021484375, 0.23095703125, 0.74755859375],\n",
       " [0.0302734375, 0.236328125, 0.7333984375],\n",
       " [0.03125, 0.24560546875, 0.72314453125],\n",
       " [0.02197265625, 0.24072265625, 0.7373046875],\n",
       " [0.0205078125, 0.263671875, 0.7158203125],\n",
       " [0.02294921875, 0.283203125, 0.69384765625],\n",
       " [0.0263671875, 0.2958984375, 0.677734375],\n",
       " [0.0244140625, 0.30615234375, 0.66943359375],\n",
       " [0.021484375, 0.3046875, 0.673828125],\n",
       " [0.02978515625, 0.33984375, 0.63037109375],\n",
       " [0.017578125, 0.33447265625, 0.64794921875],\n",
       " [0.021484375, 0.36474609375, 0.61376953125],\n",
       " [0.0205078125, 0.373046875, 0.6064453125],\n",
       " [0.0244140625, 0.3974609375, 0.578125],\n",
       " [0.01904296875, 0.423828125, 0.55712890625],\n",
       " [0.01806640625, 0.4501953125, 0.53173828125],\n",
       " [0.02099609375, 0.46923828125, 0.509765625],\n",
       " [0.01904296875, 0.4833984375, 0.49755859375],\n",
       " [0.0283203125, 0.51171875, 0.4599609375],\n",
       " [0.02392578125, 0.521484375, 0.45458984375],\n",
       " [0.02099609375, 0.51171875, 0.46728515625],\n",
       " [0.0185546875, 0.55517578125, 0.42626953125],\n",
       " [0.0244140625, 0.572265625, 0.4033203125],\n",
       " [0.02783203125, 0.583984375, 0.38818359375],\n",
       " [0.0244140625, 0.60693359375, 0.36865234375],\n",
       " [0.02001953125, 0.64013671875, 0.33984375],\n",
       " [0.02197265625, 0.6533203125, 0.32470703125],\n",
       " [0.02001953125, 0.67431640625, 0.3056640625],\n",
       " [0.0166015625, 0.66845703125, 0.31494140625],\n",
       " [0.029296875, 0.7109375, 0.259765625],\n",
       " [0.02197265625, 0.71240234375, 0.265625],\n",
       " [0.02294921875, 0.7333984375, 0.24365234375],\n",
       " [0.02099609375, 0.7646484375, 0.21435546875],\n",
       " [0.02294921875, 0.76171875, 0.21533203125],\n",
       " [0.021484375, 0.78466796875, 0.19384765625],\n",
       " [0.0263671875, 0.79541015625, 0.17822265625],\n",
       " [0.0224609375, 0.7919921875, 0.185546875],\n",
       " [0.0166015625, 0.8115234375, 0.171875],\n",
       " [0.02587890625, 0.8203125, 0.15380859375],\n",
       " [0.015625, 0.84033203125, 0.14404296875],\n",
       " [0.02001953125, 0.83203125, 0.14794921875],\n",
       " [0.01904296875, 0.6318359375, 0.34912109375],\n",
       " [0.01953125, 0.64453125, 0.3359375],\n",
       " [0.017578125, 0.65966796875, 0.32275390625],\n",
       " [0.02099609375, 0.68017578125, 0.298828125],\n",
       " [0.02392578125, 0.69140625, 0.28466796875],\n",
       " [0.0146484375, 0.7216796875, 0.263671875],\n",
       " [0.021484375, 0.7158203125, 0.2626953125],\n",
       " [0.01953125, 0.7529296875, 0.2275390625],\n",
       " [0.0205078125, 0.75537109375, 0.22412109375],\n",
       " [0.0205078125, 0.767578125, 0.2119140625],\n",
       " [0.0263671875, 0.7578125, 0.2158203125],\n",
       " [0.01953125, 0.7724609375, 0.2080078125],\n",
       " [0.021484375, 0.783203125, 0.1953125],\n",
       " [0.0146484375, 0.79345703125, 0.19189453125],\n",
       " [0.0244140625, 0.796875, 0.1787109375],\n",
       " [0.02099609375, 0.80126953125, 0.177734375],\n",
       " [0.0224609375, 0.7880859375, 0.189453125],\n",
       " [0.0244140625, 0.80078125, 0.1748046875],\n",
       " [0.02490234375, 0.79443359375, 0.1806640625],\n",
       " [0.0224609375, 0.81005859375, 0.16748046875],\n",
       " [0.021484375, 0.7998046875, 0.1787109375],\n",
       " [0.025390625, 0.8076171875, 0.1669921875],\n",
       " [0.02880859375, 0.7890625, 0.18212890625],\n",
       " [0.02783203125, 0.78076171875, 0.19140625],\n",
       " [0.01953125, 0.779296875, 0.201171875],\n",
       " [0.02734375, 0.7587890625, 0.2138671875],\n",
       " [0.01953125, 0.75634765625, 0.22412109375],\n",
       " [0.02197265625, 0.740234375, 0.23779296875],\n",
       " [0.021484375, 0.7265625, 0.251953125],\n",
       " [0.01953125, 0.71044921875, 0.27001953125],\n",
       " [0.01953125, 0.7021484375, 0.2783203125],\n",
       " [0.02197265625, 0.69140625, 0.28662109375],\n",
       " [0.02099609375, 0.67041015625, 0.30859375],\n",
       " [0.0302734375, 0.6591796875, 0.310546875],\n",
       " [0.021484375, 0.65625, 0.322265625],\n",
       " [0.02587890625, 0.64306640625, 0.3310546875],\n",
       " [0.02734375, 0.59326171875, 0.37939453125],\n",
       " [0.02734375, 0.58251953125, 0.39013671875],\n",
       " [0.025390625, 0.5546875, 0.419921875],\n",
       " [0.0224609375, 0.552734375, 0.4248046875],\n",
       " [0.0244140625, 0.5234375, 0.4521484375],\n",
       " [0.0205078125, 0.5078125, 0.4716796875],\n",
       " [0.025390625, 0.50927734375, 0.46533203125],\n",
       " [0.02294921875, 0.4609375, 0.51611328125],\n",
       " [0.02880859375, 0.43994140625, 0.53125],\n",
       " [0.0244140625, 0.443359375, 0.5322265625],\n",
       " [0.02294921875, 0.43701171875, 0.5400390625],\n",
       " [0.01806640625, 0.4296875, 0.55224609375],\n",
